-BEGIN HEADER-
NASA/POWER CERES/MERRA2 Native Resolution Daily Data 
Dates (month/day/year): 01/01/1981 through 01/01/2024 
Location: Latitude  7.5715   Longitude 9.4491 
Elevation from MERRA-2: Average for 0.5 x 0.625 degree lat/lon region = 162.98 meters
The value for missing source data that cannot be computed or is outside of the sources availability range: -999 
Parameter(s): 
PRECTOTCORR     MERRA-2 Precipitation Corrected (mm/day) 
-END HEADER-
YEAR,MO,DY,PRECTOTCORR
1981,1,1,0.0
1981,1,2,0.0
1981,1,3,0.0
1981,1,4,0.0
1981,1,5,0.0
1981,1,6,0.0
1981,1,7,0.0
1981,1,8,0.0
1981,1,9,0.0
1981,1,10,0.0
1981,1,11,0.0
1981,1,12,0.0
1981,1,13,0.0
1981,1,14,0.0
1981,1,15,0.0
1981,1,16,0.0
1981,1,17,0.0
1981,1,18,0.0
1981,1,19,0.0
1981,1,20,0.0
1981,1,21,0.0
1981,1,22,0.0
1981,1,23,3.61
1981,1,24,0.17
1981,1,25,0.04
1981,1,26,0.0
1981,1,27,0.0
1981,1,28,0.0
1981,1,29,0.0
1981,1,30,0.0
1981,1,31,0.0
1981,2,1,0.0
1981,2,2,0.0
1981,2,3,0.0
1981,2,4,0.0
1981,2,5,0.0
1981,2,6,0.0
1981,2,7,0.0
1981,2,8,0.0
1981,2,9,0.0
1981,2,10,0.0
1981,2,11,0.0
1981,2,12,0.0
1981,2,13,0.0
1981,2,14,0.0
1981,2,15,0.0
1981,2,16,0.02
1981,2,17,0.03
1981,2,18,0.04
1981,2,19,0.02
1981,2,20,0.57
1981,2,21,0.64
1981,2,22,0.95
1981,2,23,0.79
1981,2,24,1.51
1981,2,25,0.22
1981,2,26,0.04
1981,2,27,0.01
1981,2,28,0.0
1981,3,1,0.02
1981,3,2,0.29
1981,3,3,0.48
1981,3,4,0.24
1981,3,5,0.29
1981,3,6,0.14
1981,3,7,0.42
1981,3,8,0.34
1981,3,9,0.63
1981,3,10,0.94
1981,3,11,1.18
1981,3,12,0.12
1981,3,13,0.24
1981,3,14,0.36
1981,3,15,0.22
1981,3,16,0.05
1981,3,17,0.71
1981,3,18,1.81
1981,3,19,4.16
1981,3,20,3.74
1981,3,21,6.79
1981,3,22,0.56
1981,3,23,0.47
1981,3,24,0.35
1981,3,25,0.65
1981,3,26,0.82
1981,3,27,1.53
1981,3,28,0.09
1981,3,29,1.24
1981,3,30,0.84
1981,3,31,0.69
1981,4,1,3.56
1981,4,2,0.34
1981,4,3,1.17
1981,4,4,1.43
1981,4,5,2.09
1981,4,6,2.06
1981,4,7,2.25
1981,4,8,3.13
1981,4,9,6.1
1981,4,10,3.61
1981,4,11,1.31
1981,4,12,0.45
1981,4,13,0.3
1981,4,14,1.06
1981,4,15,1.07
1981,4,16,0.65
1981,4,17,2.01
1981,4,18,2.13
1981,4,19,3.49
1981,4,20,1.28
1981,4,21,10.94
1981,4,22,6.96
1981,4,23,10.04
1981,4,24,7.08
1981,4,25,2.99
1981,4,26,13.07
1981,4,27,19.98
1981,4,28,20.13
1981,4,29,16.28
1981,4,30,12.03
1981,5,1,11.31
1981,5,2,11.6
1981,5,3,8.6
1981,5,4,8.92
1981,5,5,5.13
1981,5,6,2.31
1981,5,7,2.05
1981,5,8,4.0
1981,5,9,3.36
1981,5,10,6.84
1981,5,11,7.0
1981,5,12,6.66
1981,5,13,3.29
1981,5,14,3.06
1981,5,15,1.97
1981,5,16,2.01
1981,5,17,3.19
1981,5,18,4.05
1981,5,19,3.21
1981,5,20,4.58
1981,5,21,12.09
1981,5,22,2.86
1981,5,23,1.31
1981,5,24,4.7
1981,5,25,4.98
1981,5,26,5.54
1981,5,27,2.36
1981,5,28,1.09
1981,5,29,3.02
1981,5,30,1.02
1981,5,31,2.09
1981,6,1,3.84
1981,6,2,0.88
1981,6,3,0.76
1981,6,4,0.85
1981,6,5,5.02
1981,6,6,6.11
1981,6,7,11.92
1981,6,8,19.36
1981,6,9,8.8
1981,6,10,20.2
1981,6,11,7.79
1981,6,12,7.49
1981,6,13,8.21
1981,6,14,7.4
1981,6,15,8.96
1981,6,16,4.92
1981,6,17,9.54
1981,6,18,10.33
1981,6,19,11.5
1981,6,20,7.27
1981,6,21,11.32
1981,6,22,6.28
1981,6,23,13.07
1981,6,24,10.44
1981,6,25,12.75
1981,6,26,10.37
1981,6,27,5.58
1981,6,28,9.28
1981,6,29,20.06
1981,6,30,17.27
1981,7,1,12.62
1981,7,2,7.93
1981,7,3,9.68
1981,7,4,10.5
1981,7,5,11.48
1981,7,6,15.97
1981,7,7,10.46
1981,7,8,7.09
1981,7,9,4.82
1981,7,10,16.98
1981,7,11,5.74
1981,7,12,16.89
1981,7,13,9.01
1981,7,14,16.31
1981,7,15,16.39
1981,7,16,7.64
1981,7,17,3.47
1981,7,18,2.47
1981,7,19,7.1
1981,7,20,6.51
1981,7,21,20.21
1981,7,22,10.2
1981,7,23,14.96
1981,7,24,11.25
1981,7,25,8.14
1981,7,26,4.24
1981,7,27,2.88
1981,7,28,4.23
1981,7,29,5.95
1981,7,30,4.25
1981,7,31,12.89
1981,8,1,3.34
1981,8,2,2.57
1981,8,3,2.39
1981,8,4,5.49
1981,8,5,3.01
1981,8,6,3.55
1981,8,7,3.13
1981,8,8,2.4
1981,8,9,1.33
1981,8,10,1.39
1981,8,11,0.47
1981,8,12,1.31
1981,8,13,3.97
1981,8,14,5.62
1981,8,15,1.54
1981,8,16,5.06
1981,8,17,3.76
1981,8,18,4.56
1981,8,19,0.33
1981,8,20,0.8
1981,8,21,6.9
1981,8,22,4.8
1981,8,23,2.97
1981,8,24,5.85
1981,8,25,2.49
1981,8,26,3.66
1981,8,27,6.29
1981,8,28,3.57
1981,8,29,2.43
1981,8,30,4.7
1981,8,31,2.61
1981,9,1,4.41
1981,9,2,7.54
1981,9,3,21.06
1981,9,4,22.49
1981,9,5,13.72
1981,9,6,9.73
1981,9,7,28.03
1981,9,8,24.02
1981,9,9,14.84
1981,9,10,16.24
1981,9,11,13.53
1981,9,12,12.03
1981,9,13,7.77
1981,9,14,7.34
1981,9,15,1.45
1981,9,16,6.25
1981,9,17,5.14
1981,9,18,4.96
1981,9,19,5.31
1981,9,20,9.24
1981,9,21,9.83
1981,9,22,9.53
1981,9,23,5.95
1981,9,24,7.45
1981,9,25,5.62
1981,9,26,3.66
1981,9,27,4.55
1981,9,28,8.91
1981,9,29,4.38
1981,9,30,11.59
1981,10,1,28.16
1981,10,2,7.68
1981,10,3,3.0
1981,10,4,6.92
1981,10,5,9.57
1981,10,6,9.93
1981,10,7,3.88
1981,10,8,5.98
1981,10,9,2.63
1981,10,10,4.42
1981,10,11,9.87
1981,10,12,4.01
1981,10,13,12.32
1981,10,14,0.82
1981,10,15,10.76
1981,10,16,15.14
1981,10,17,3.12
1981,10,18,7.6
1981,10,19,2.16
1981,10,20,13.18
1981,10,21,3.5
1981,10,22,4.0
1981,10,23,5.39
1981,10,24,6.22
1981,10,25,4.39
1981,10,26,5.26
1981,10,27,5.84
1981,10,28,3.46
1981,10,29,4.07
1981,10,30,4.0
1981,10,31,10.06
1981,11,1,1.17
1981,11,2,1.96
1981,11,3,2.39
1981,11,4,1.79
1981,11,5,5.8
1981,11,6,2.8
1981,11,7,0.12
1981,11,8,1.63
1981,11,9,0.88
1981,11,10,0.93
1981,11,11,0.45
1981,11,12,1.47
1981,11,13,2.07
1981,11,14,3.68
1981,11,15,3.9
1981,11,16,0.93
1981,11,17,0.05
1981,11,18,0.24
1981,11,19,1.3
1981,11,20,0.02
1981,11,21,0.0
1981,11,22,0.0
1981,11,23,0.0
1981,11,24,0.0
1981,11,25,0.0
1981,11,26,0.0
1981,11,27,0.0
1981,11,28,0.0
1981,11,29,0.0
1981,11,30,0.0
1981,12,1,0.0
1981,12,2,0.0
1981,12,3,0.0
1981,12,4,0.0
1981,12,5,0.0
1981,12,6,0.0
1981,12,7,0.0
1981,12,8,0.0
1981,12,9,0.0
1981,12,10,0.0
1981,12,11,0.0
1981,12,12,0.0
1981,12,13,0.0
1981,12,14,0.22
1981,12,15,0.0
1981,12,16,0.0
1981,12,17,0.0
1981,12,18,0.0
1981,12,19,0.0
1981,12,20,0.0
1981,12,21,0.0
1981,12,22,0.0
1981,12,23,0.0
1981,12,24,0.0
1981,12,25,0.0
1981,12,26,0.0
1981,12,27,0.0
1981,12,28,0.0
1981,12,29,0.0
1981,12,30,0.0
1981,12,31,0.0
1982,1,1,0.0
1982,1,2,0.0
1982,1,3,0.19
1982,1,4,0.03
1982,1,5,0.01
1982,1,6,0.05
1982,1,7,1.14
1982,1,8,0.03
1982,1,9,0.11
1982,1,10,0.0
1982,1,11,0.0
1982,1,12,0.22
1982,1,13,0.08
1982,1,14,0.04
1982,1,15,0.11
1982,1,16,0.43
1982,1,17,0.76
1982,1,18,0.88
1982,1,19,0.76
1982,1,20,0.97
1982,1,21,1.28
1982,1,22,0.68
1982,1,23,0.0
1982,1,24,0.05
1982,1,25,0.2
1982,1,26,0.01
1982,1,27,0.0
1982,1,28,0.0
1982,1,29,0.0
1982,1,30,0.0
1982,1,31,0.0
1982,2,1,0.0
1982,2,2,0.0
1982,2,3,0.0
1982,2,4,0.0
1982,2,5,0.01
1982,2,6,0.0
1982,2,7,0.0
1982,2,8,0.0
1982,2,9,0.0
1982,2,10,0.0
1982,2,11,0.0
1982,2,12,0.0
1982,2,13,0.0
1982,2,14,0.0
1982,2,15,0.0
1982,2,16,0.0
1982,2,17,0.0
1982,2,18,0.0
1982,2,19,0.0
1982,2,20,0.23
1982,2,21,0.27
1982,2,22,0.98
1982,2,23,1.78
1982,2,24,1.68
1982,2,25,4.93
1982,2,26,1.89
1982,2,27,4.51
1982,2,28,7.22
1982,3,1,8.65
1982,3,2,34.43
1982,3,3,0.0
1982,3,4,0.0
1982,3,5,0.0
1982,3,6,0.0
1982,3,7,0.0
1982,3,8,0.0
1982,3,9,0.0
1982,3,10,0.97
1982,3,11,1.17
1982,3,12,20.3
1982,3,13,14.81
1982,3,14,4.21
1982,3,15,4.72
1982,3,16,12.46
1982,3,17,1.93
1982,3,18,1.01
1982,3,19,1.1
1982,3,20,1.0
1982,3,21,1.27
1982,3,22,2.62
1982,3,23,1.12
1982,3,24,5.04
1982,3,25,2.57
1982,3,26,3.53
1982,3,27,5.3
1982,3,28,2.99
1982,3,29,3.53
1982,3,30,4.33
1982,3,31,2.28
1982,4,1,0.07
1982,4,2,0.25
1982,4,3,0.32
1982,4,4,0.29
1982,4,5,0.37
1982,4,6,3.23
1982,4,7,2.52
1982,4,8,2.04
1982,4,9,2.33
1982,4,10,4.16
1982,4,11,2.48
1982,4,12,2.86
1982,4,13,2.74
1982,4,14,2.45
1982,4,15,4.92
1982,4,16,7.88
1982,4,17,2.17
1982,4,18,4.35
1982,4,19,5.75
1982,4,20,9.78
1982,4,21,5.12
1982,4,22,2.4
1982,4,23,1.86
1982,4,24,1.08
1982,4,25,2.46
1982,4,26,4.87
1982,4,27,4.21
1982,4,28,4.15
1982,4,29,1.67
1982,4,30,7.11
1982,5,1,11.26
1982,5,2,8.4
1982,5,3,10.25
1982,5,4,5.57
1982,5,5,7.54
1982,5,6,8.29
1982,5,7,15.71
1982,5,8,13.02
1982,5,9,6.3
1982,5,10,6.21
1982,5,11,1.02
1982,5,12,6.8
1982,5,13,2.51
1982,5,14,1.45
1982,5,15,5.33
1982,5,16,6.4
1982,5,17,5.51
1982,5,18,7.06
1982,5,19,11.03
1982,5,20,5.7
1982,5,21,5.53
1982,5,22,13.38
1982,5,23,5.23
1982,5,24,3.57
1982,5,25,4.62
1982,5,26,9.29
1982,5,27,13.6
1982,5,28,20.23
1982,5,29,8.71
1982,5,30,22.63
1982,5,31,16.62
1982,6,1,7.37
1982,6,2,6.33
1982,6,3,18.13
1982,6,4,8.0
1982,6,5,11.24
1982,6,6,7.13
1982,6,7,4.76
1982,6,8,8.95
1982,6,9,11.68
1982,6,10,9.27
1982,6,11,10.78
1982,6,12,10.81
1982,6,13,6.66
1982,6,14,9.7
1982,6,15,2.88
1982,6,16,3.17
1982,6,17,5.58
1982,6,18,6.02
1982,6,19,5.93
1982,6,20,13.87
1982,6,21,12.25
1982,6,22,14.43
1982,6,23,9.82
1982,6,24,12.9
1982,6,25,14.31
1982,6,26,14.31
1982,6,27,26.62
1982,6,28,13.06
1982,6,29,38.41
1982,6,30,8.17
1982,7,1,14.03
1982,7,2,11.43
1982,7,3,11.21
1982,7,4,12.26
1982,7,5,13.23
1982,7,6,14.84
1982,7,7,15.12
1982,7,8,5.12
1982,7,9,4.89
1982,7,10,6.78
1982,7,11,7.11
1982,7,12,3.99
1982,7,13,4.25
1982,7,14,7.38
1982,7,15,1.73
1982,7,16,1.81
1982,7,17,1.8
1982,7,18,1.12
1982,7,19,0.18
1982,7,20,1.5
1982,7,21,4.02
1982,7,22,5.59
1982,7,23,10.41
1982,7,24,3.0
1982,7,25,5.74
1982,7,26,5.23
1982,7,27,8.83
1982,7,28,9.62
1982,7,29,6.79
1982,7,30,5.94
1982,7,31,5.96
1982,8,1,7.75
1982,8,2,4.96
1982,8,3,5.16
1982,8,4,7.27
1982,8,5,25.54
1982,8,6,14.04
1982,8,7,6.34
1982,8,8,7.52
1982,8,9,5.47
1982,8,10,5.5
1982,8,11,5.91
1982,8,12,2.12
1982,8,13,12.01
1982,8,14,11.17
1982,8,15,4.8
1982,8,16,3.59
1982,8,17,5.32
1982,8,18,5.88
1982,8,19,8.05
1982,8,20,7.13
1982,8,21,9.68
1982,8,22,10.4
1982,8,23,17.52
1982,8,24,30.47
1982,8,25,8.52
1982,8,26,9.97
1982,8,27,6.73
1982,8,28,11.21
1982,8,29,2.64
1982,8,30,11.98
1982,8,31,9.47
1982,9,1,10.25
1982,9,2,7.05
1982,9,3,10.95
1982,9,4,22.21
1982,9,5,10.8
1982,9,6,6.39
1982,9,7,11.72
1982,9,8,14.96
1982,9,9,17.6
1982,9,10,36.29
1982,9,11,18.01
1982,9,12,13.42
1982,9,13,10.38
1982,9,14,4.49
1982,9,15,8.03
1982,9,16,15.16
1982,9,17,8.91
1982,9,18,3.56
1982,9,19,9.33
1982,9,20,6.76
1982,9,21,6.15
1982,9,22,10.7
1982,9,23,11.8
1982,9,24,13.78
1982,9,25,4.75
1982,9,26,12.38
1982,9,27,9.7
1982,9,28,13.79
1982,9,29,20.6
1982,9,30,16.34
1982,10,1,8.22
1982,10,2,24.39
1982,10,3,6.27
1982,10,4,9.97
1982,10,5,4.78
1982,10,6,19.44
1982,10,7,9.02
1982,10,8,2.77
1982,10,9,5.71
1982,10,10,16.1
1982,10,11,12.95
1982,10,12,7.85
1982,10,13,9.47
1982,10,14,1.06
1982,10,15,7.28
1982,10,16,4.21
1982,10,17,4.26
1982,10,18,4.7
1982,10,19,7.26
1982,10,20,6.39
1982,10,21,3.43
1982,10,22,6.8
1982,10,23,7.06
1982,10,24,8.41
1982,10,25,18.61
1982,10,26,9.34
1982,10,27,10.26
1982,10,28,2.01
1982,10,29,1.93
1982,10,30,4.29
1982,10,31,2.0
1982,11,1,2.03
1982,11,2,7.17
1982,11,3,11.63
1982,11,4,3.29
1982,11,5,0.03
1982,11,6,0.0
1982,11,7,0.16
1982,11,8,0.09
1982,11,9,0.0
1982,11,10,0.0
1982,11,11,0.0
1982,11,12,0.0
1982,11,13,0.01
1982,11,14,0.45
1982,11,15,0.02
1982,11,16,0.02
1982,11,17,0.42
1982,11,18,0.71
1982,11,19,1.34
1982,11,20,0.0
1982,11,21,0.0
1982,11,22,0.0
1982,11,23,0.0
1982,11,24,0.0
1982,11,25,0.0
1982,11,26,0.0
1982,11,27,0.0
1982,11,28,0.0
1982,11,29,0.0
1982,11,30,0.0
1982,12,1,0.0
1982,12,2,0.0
1982,12,3,0.0
1982,12,4,0.0
1982,12,5,0.0
1982,12,6,0.0
1982,12,7,0.0
1982,12,8,0.01
1982,12,9,0.01
1982,12,10,0.01
1982,12,11,0.0
1982,12,12,0.0
1982,12,13,0.0
1982,12,14,0.0
1982,12,15,1.24
1982,12,16,0.06
1982,12,17,0.0
1982,12,18,0.0
1982,12,19,0.0
1982,12,20,0.0
1982,12,21,0.0
1982,12,22,0.0
1982,12,23,0.0
1982,12,24,0.0
1982,12,25,0.01
1982,12,26,0.27
1982,12,27,0.0
1982,12,28,0.0
1982,12,29,0.0
1982,12,30,0.0
1982,12,31,0.0
1983,1,1,0.0
1983,1,2,0.0
1983,1,3,0.0
1983,1,4,0.0
1983,1,5,0.0
1983,1,6,0.0
1983,1,7,0.0
1983,1,8,0.0
1983,1,9,0.0
1983,1,10,0.0
1983,1,11,0.0
1983,1,12,0.0
1983,1,13,0.0
1983,1,14,0.0
1983,1,15,0.0
1983,1,16,0.0
1983,1,17,0.0
1983,1,18,0.0
1983,1,19,0.0
1983,1,20,0.0
1983,1,21,0.0
1983,1,22,0.0
1983,1,23,0.0
1983,1,24,0.0
1983,1,25,0.0
1983,1,26,0.0
1983,1,27,0.0
1983,1,28,0.0
1983,1,29,0.0
1983,1,30,0.0
1983,1,31,0.0
1983,2,1,0.0
1983,2,2,0.0
1983,2,3,0.0
1983,2,4,0.0
1983,2,5,0.0
1983,2,6,0.0
1983,2,7,0.0
1983,2,8,0.0
1983,2,9,0.0
1983,2,10,0.0
1983,2,11,0.0
1983,2,12,0.0
1983,2,13,0.0
1983,2,14,0.0
1983,2,15,0.64
1983,2,16,0.34
1983,2,17,0.0
1983,2,18,0.09
1983,2,19,0.18
1983,2,20,0.86
1983,2,21,0.46
1983,2,22,1.02
1983,2,23,1.44
1983,2,24,0.43
1983,2,25,0.0
1983,2,26,0.0
1983,2,27,0.0
1983,2,28,0.0
1983,3,1,0.0
1983,3,2,0.0
1983,3,3,0.0
1983,3,4,0.0
1983,3,5,0.0
1983,3,6,0.0
1983,3,7,0.0
1983,3,8,0.0
1983,3,9,0.0
1983,3,10,0.0
1983,3,11,0.0
1983,3,12,0.0
1983,3,13,0.0
1983,3,14,0.0
1983,3,15,0.0
1983,3,16,0.0
1983,3,17,0.0
1983,3,18,0.0
1983,3,19,0.0
1983,3,20,0.0
1983,3,21,0.0
1983,3,22,0.0
1983,3,23,0.0
1983,3,24,0.0
1983,3,25,0.0
1983,3,26,0.0
1983,3,27,3.65
1983,3,28,3.94
1983,3,29,3.97
1983,3,30,3.03
1983,3,31,4.28
1983,4,1,1.57
1983,4,2,2.19
1983,4,3,1.05
1983,4,4,1.32
1983,4,5,0.72
1983,4,6,1.47
1983,4,7,1.89
1983,4,8,4.41
1983,4,9,4.34
1983,4,10,5.81
1983,4,11,0.74
1983,4,12,0.64
1983,4,13,1.41
1983,4,14,1.01
1983,4,15,1.14
1983,4,16,0.9
1983,4,17,0.8
1983,4,18,0.76
1983,4,19,0.7
1983,4,20,1.31
1983,4,21,0.96
1983,4,22,0.49
1983,4,23,0.45
1983,4,24,0.8
1983,4,25,0.8
1983,4,26,0.02
1983,4,27,0.02
1983,4,28,0.02
1983,4,29,0.02
1983,4,30,0.04
1983,5,1,21.31
1983,5,2,13.86
1983,5,3,15.95
1983,5,4,7.82
1983,5,5,8.16
1983,5,6,2.16
1983,5,7,12.88
1983,5,8,11.79
1983,5,9,14.6
1983,5,10,16.09
1983,5,11,5.92
1983,5,12,6.54
1983,5,13,24.5
1983,5,14,36.13
1983,5,15,11.55
1983,5,16,14.03
1983,5,17,6.11
1983,5,18,4.18
1983,5,19,11.51
1983,5,20,13.78
1983,5,21,4.33
1983,5,22,2.77
1983,5,23,4.01
1983,5,24,3.62
1983,5,25,4.95
1983,5,26,11.4
1983,5,27,7.21
1983,5,28,18.21
1983,5,29,9.61
1983,5,30,6.92
1983,5,31,19.97
1983,6,1,36.86
1983,6,2,54.98
1983,6,3,37.48
1983,6,4,33.73
1983,6,5,6.34
1983,6,6,2.93
1983,6,7,5.98
1983,6,8,7.13
1983,6,9,19.01
1983,6,10,10.67
1983,6,11,11.02
1983,6,12,9.14
1983,6,13,11.44
1983,6,14,10.57
1983,6,15,5.05
1983,6,16,2.29
1983,6,17,3.04
1983,6,18,3.06
1983,6,19,6.1
1983,6,20,7.68
1983,6,21,3.16
1983,6,22,6.8
1983,6,23,4.89
1983,6,24,4.15
1983,6,25,0.61
1983,6,26,0.13
1983,6,27,0.44
1983,6,28,0.41
1983,6,29,0.23
1983,6,30,3.0
1983,7,1,1.86
1983,7,2,1.41
1983,7,3,1.18
1983,7,4,0.9
1983,7,5,14.8
1983,7,6,11.33
1983,7,7,6.72
1983,7,8,4.19
1983,7,9,6.84
1983,7,10,3.82
1983,7,11,7.05
1983,7,12,8.04
1983,7,13,9.19
1983,7,14,3.84
1983,7,15,6.92
1983,7,16,24.81
1983,7,17,7.15
1983,7,18,1.4
1983,7,19,6.17
1983,7,20,15.88
1983,7,21,6.27
1983,7,22,8.63
1983,7,23,46.19
1983,7,24,21.13
1983,7,25,8.08
1983,7,26,7.59
1983,7,27,12.84
1983,7,28,22.03
1983,7,29,29.72
1983,7,30,16.53
1983,7,31,4.22
1983,8,1,25.02
1983,8,2,55.88
1983,8,3,84.96
1983,8,4,18.2
1983,8,5,31.13
1983,8,6,12.5
1983,8,7,17.62
1983,8,8,9.46
1983,8,9,4.31
1983,8,10,14.2
1983,8,11,13.25
1983,8,12,17.32
1983,8,13,8.22
1983,8,14,8.58
1983,8,15,1.44
1983,8,16,1.5
1983,8,17,0.89
1983,8,18,3.08
1983,8,19,7.01
1983,8,20,5.52
1983,8,21,1.62
1983,8,22,3.64
1983,8,23,6.52
1983,8,24,16.16
1983,8,25,32.09
1983,8,26,24.45
1983,8,27,7.51
1983,8,28,31.9
1983,8,29,21.27
1983,8,30,6.2
1983,8,31,7.35
1983,9,1,11.48
1983,9,2,23.85
1983,9,3,4.73
1983,9,4,9.45
1983,9,5,10.27
1983,9,6,12.89
1983,9,7,20.87
1983,9,8,5.21
1983,9,9,11.23
1983,9,10,21.17
1983,9,11,10.78
1983,9,12,6.51
1983,9,13,12.59
1983,9,14,9.74
1983,9,15,14.54
1983,9,16,11.07
1983,9,17,6.07
1983,9,18,3.87
1983,9,19,0.75
1983,9,20,6.8
1983,9,21,2.71
1983,9,22,2.95
1983,9,23,3.18
1983,9,24,3.7
1983,9,25,10.48
1983,9,26,3.38
1983,9,27,3.31
1983,9,28,3.25
1983,9,29,2.7
1983,9,30,1.23
1983,10,1,2.25
1983,10,2,2.7
1983,10,3,2.83
1983,10,4,2.98
1983,10,5,2.93
1983,10,6,1.77
1983,10,7,2.47
1983,10,8,7.19
1983,10,9,4.3
1983,10,10,4.68
1983,10,11,12.42
1983,10,12,12.37
1983,10,13,1.14
1983,10,14,0.3
1983,10,15,0.21
1983,10,16,0.48
1983,10,17,0.42
1983,10,18,6.5
1983,10,19,4.09
1983,10,20,5.79
1983,10,21,2.47
1983,10,22,3.4
1983,10,23,7.65
1983,10,24,4.83
1983,10,25,21.38
1983,10,26,13.41
1983,10,27,12.23
1983,10,28,0.34
1983,10,29,0.74
1983,10,30,0.3
1983,10,31,0.21
1983,11,1,0.64
1983,11,2,1.07
1983,11,3,0.2
1983,11,4,0.32
1983,11,5,0.32
1983,11,6,1.08
1983,11,7,0.84
1983,11,8,0.36
1983,11,9,0.81
1983,11,10,0.35
1983,11,11,0.32
1983,11,12,1.68
1983,11,13,1.47
1983,11,14,1.28
1983,11,15,1.46
1983,11,16,0.57
1983,11,17,0.07
1983,11,18,0.13
1983,11,19,0.21
1983,11,20,0.14
1983,11,21,0.01
1983,11,22,0.0
1983,11,23,0.0
1983,11,24,0.0
1983,11,25,0.0
1983,11,26,0.0
1983,11,27,0.0
1983,11,28,0.0
1983,11,29,0.0
1983,11,30,0.0
1983,12,1,0.0
1983,12,2,0.86
1983,12,3,1.65
1983,12,4,1.39
1983,12,5,1.99
1983,12,6,3.99
1983,12,7,0.16
1983,12,8,0.19
1983,12,9,0.1
1983,12,10,0.15
1983,12,11,0.11
1983,12,12,0.54
1983,12,13,1.09
1983,12,14,0.56
1983,12,15,0.26
1983,12,16,0.31
1983,12,17,0.27
1983,12,18,0.24
1983,12,19,0.08
1983,12,20,0.08
1983,12,21,0.2
1983,12,22,0.08
1983,12,23,0.0
1983,12,24,0.0
1983,12,25,0.0
1983,12,26,0.0
1983,12,27,0.0
1983,12,28,0.0
1983,12,29,0.0
1983,12,30,0.0
1983,12,31,0.0
1984,1,1,0.0
1984,1,2,0.0
1984,1,3,0.0
1984,1,4,0.0
1984,1,5,0.0
1984,1,6,0.0
1984,1,7,0.0
1984,1,8,0.0
1984,1,9,0.0
1984,1,10,0.0
1984,1,11,0.0
1984,1,12,0.0
1984,1,13,0.0
1984,1,14,0.0
1984,1,15,0.0
1984,1,16,0.0
1984,1,17,0.0
1984,1,18,0.0
1984,1,19,0.0
1984,1,20,0.0
1984,1,21,0.0
1984,1,22,0.0
1984,1,23,0.0
1984,1,24,0.0
1984,1,25,0.0
1984,1,26,0.0
1984,1,27,0.0
1984,1,28,0.0
1984,1,29,0.0
1984,1,30,0.0
1984,1,31,0.0
1984,2,1,0.0
1984,2,2,0.0
1984,2,3,0.0
1984,2,4,0.05
1984,2,5,11.3
1984,2,6,0.15
1984,2,7,0.0
1984,2,8,0.0
1984,2,9,0.0
1984,2,10,0.08
1984,2,11,0.47
1984,2,12,0.26
1984,2,13,0.0
1984,2,14,0.0
1984,2,15,0.0
1984,2,16,0.0
1984,2,17,0.0
1984,2,18,0.0
1984,2,19,0.0
1984,2,20,0.0
1984,2,21,0.0
1984,2,22,0.0
1984,2,23,0.0
1984,2,24,0.0
1984,2,25,0.01
1984,2,26,0.02
1984,2,27,0.01
1984,2,28,0.01
1984,2,29,0.01
1984,3,1,0.03
1984,3,2,0.05
1984,3,3,0.1
1984,3,4,0.1
1984,3,5,0.13
1984,3,6,0.11
1984,3,7,3.45
1984,3,8,12.43
1984,3,9,11.13
1984,3,10,9.3
1984,3,11,4.72
1984,3,12,0.87
1984,3,13,0.95
1984,3,14,0.29
1984,3,15,0.2
1984,3,16,0.49
1984,3,17,4.92
1984,3,18,3.81
1984,3,19,3.17
1984,3,20,4.1
1984,3,21,2.17
1984,3,22,4.3
1984,3,23,0.37
1984,3,24,2.14
1984,3,25,0.62
1984,3,26,0.67
1984,3,27,3.77
1984,3,28,2.74
1984,3,29,3.66
1984,3,30,4.56
1984,3,31,1.01
1984,4,1,1.98
1984,4,2,1.53
1984,4,3,3.52
1984,4,4,4.0
1984,4,5,1.43
1984,4,6,1.91
1984,4,7,1.38
1984,4,8,2.22
1984,4,9,4.39
1984,4,10,0.92
1984,4,11,2.68
1984,4,12,2.53
1984,4,13,1.08
1984,4,14,2.38
1984,4,15,0.56
1984,4,16,2.53
1984,4,17,2.54
1984,4,18,8.26
1984,4,19,15.53
1984,4,20,3.02
1984,4,21,1.68
1984,4,22,3.07
1984,4,23,2.8
1984,4,24,2.58
1984,4,25,1.06
1984,4,26,8.42
1984,4,27,11.23
1984,4,28,6.26
1984,4,29,8.4
1984,4,30,15.08
1984,5,1,15.52
1984,5,2,8.1
1984,5,3,22.97
1984,5,4,8.57
1984,5,5,10.71
1984,5,6,3.56
1984,5,7,9.06
1984,5,8,7.67
1984,5,9,1.84
1984,5,10,7.38
1984,5,11,1.39
1984,5,12,1.73
1984,5,13,5.42
1984,5,14,1.54
1984,5,15,12.92
1984,5,16,14.92
1984,5,17,7.43
1984,5,18,6.08
1984,5,19,5.22
1984,5,20,4.62
1984,5,21,3.57
1984,5,22,4.81
1984,5,23,2.55
1984,5,24,7.49
1984,5,25,5.14
1984,5,26,8.76
1984,5,27,1.16
1984,5,28,1.59
1984,5,29,2.25
1984,5,30,8.2
1984,5,31,13.15
1984,6,1,11.83
1984,6,2,5.8
1984,6,3,8.21
1984,6,4,2.89
1984,6,5,1.82
1984,6,6,9.32
1984,6,7,4.23
1984,6,8,10.02
1984,6,9,4.47
1984,6,10,2.84
1984,6,11,5.01
1984,6,12,8.59
1984,6,13,15.35
1984,6,14,9.28
1984,6,15,1.37
1984,6,16,3.39
1984,6,17,2.35
1984,6,18,6.34
1984,6,19,12.35
1984,6,20,5.52
1984,6,21,3.64
1984,6,22,4.1
1984,6,23,2.05
1984,6,24,5.0
1984,6,25,3.78
1984,6,26,7.29
1984,6,27,11.33
1984,6,28,12.75
1984,6,29,5.92
1984,6,30,0.53
1984,7,1,1.11
1984,7,2,1.21
1984,7,3,1.46
1984,7,4,0.67
1984,7,5,4.77
1984,7,6,7.33
1984,7,7,15.55
1984,7,8,16.56
1984,7,9,14.75
1984,7,10,6.1
1984,7,11,4.17
1984,7,12,8.5
1984,7,13,7.66
1984,7,14,7.08
1984,7,15,1.93
1984,7,16,2.27
1984,7,17,2.36
1984,7,18,1.12
1984,7,19,1.47
1984,7,20,5.79
1984,7,21,1.55
1984,7,22,1.58
1984,7,23,3.21
1984,7,24,5.34
1984,7,25,5.04
1984,7,26,8.77
1984,7,27,1.63
1984,7,28,4.33
1984,7,29,7.15
1984,7,30,19.47
1984,7,31,4.25
1984,8,1,17.22
1984,8,2,22.44
1984,8,3,6.49
1984,8,4,3.04
1984,8,5,2.8
1984,8,6,8.85
1984,8,7,2.17
1984,8,8,4.16
1984,8,9,14.43
1984,8,10,4.74
1984,8,11,4.27
1984,8,12,5.18
1984,8,13,5.76
1984,8,14,4.46
1984,8,15,9.17
1984,8,16,12.78
1984,8,17,5.88
1984,8,18,5.89
1984,8,19,9.1
1984,8,20,11.74
1984,8,21,2.73
1984,8,22,8.29
1984,8,23,19.51
1984,8,24,2.14
1984,8,25,1.81
1984,8,26,1.47
1984,8,27,1.93
1984,8,28,3.08
1984,8,29,12.18
1984,8,30,15.2
1984,8,31,18.9
1984,9,1,15.45
1984,9,2,26.75
1984,9,3,6.69
1984,9,4,7.89
1984,9,5,10.13
1984,9,6,20.3
1984,9,7,6.35
1984,9,8,5.8
1984,9,9,8.7
1984,9,10,2.22
1984,9,11,1.36
1984,9,12,8.54
1984,9,13,8.17
1984,9,14,7.42
1984,9,15,11.34
1984,9,16,17.59
1984,9,17,9.85
1984,9,18,9.02
1984,9,19,7.84
1984,9,20,7.85
1984,9,21,4.74
1984,9,22,4.92
1984,9,23,32.77
1984,9,24,22.81
1984,9,25,22.25
1984,9,26,26.77
1984,9,27,24.11
1984,9,28,13.26
1984,9,29,30.24
1984,9,30,23.66
1984,10,1,18.37
1984,10,2,22.64
1984,10,3,6.62
1984,10,4,6.52
1984,10,5,8.7
1984,10,6,14.58
1984,10,7,27.9
1984,10,8,7.97
1984,10,9,7.4
1984,10,10,8.91
1984,10,11,6.07
1984,10,12,5.89
1984,10,13,2.14
1984,10,14,3.29
1984,10,15,15.15
1984,10,16,14.98
1984,10,17,3.08
1984,10,18,8.35
1984,10,19,5.86
1984,10,20,6.18
1984,10,21,9.46
1984,10,22,6.09
1984,10,23,2.75
1984,10,24,1.06
1984,10,25,0.81
1984,10,26,0.82
1984,10,27,2.2
1984,10,28,4.59
1984,10,29,2.58
1984,10,30,3.31
1984,10,31,2.18
1984,11,1,1.37
1984,11,2,1.09
1984,11,3,0.44
1984,11,4,1.95
1984,11,5,2.87
1984,11,6,2.32
1984,11,7,0.34
1984,11,8,0.07
1984,11,9,0.39
1984,11,10,1.04
1984,11,11,0.76
1984,11,12,3.89
1984,11,13,0.39
1984,11,14,1.05
1984,11,15,0.48
1984,11,16,1.97
1984,11,17,3.21
1984,11,18,3.29
1984,11,19,1.86
1984,11,20,2.32
1984,11,21,1.28
1984,11,22,0.0
1984,11,23,0.0
1984,11,24,0.0
1984,11,25,0.0
1984,11,26,0.0
1984,11,27,0.0
1984,11,28,0.0
1984,11,29,0.0
1984,11,30,0.0
1984,12,1,0.0
1984,12,2,0.0
1984,12,3,0.0
1984,12,4,0.0
1984,12,5,0.0
1984,12,6,0.0
1984,12,7,0.0
1984,12,8,0.0
1984,12,9,0.0
1984,12,10,0.0
1984,12,11,0.0
1984,12,12,0.0
1984,12,13,0.0
1984,12,14,0.0
1984,12,15,0.0
1984,12,16,0.0
1984,12,17,0.0
1984,12,18,0.0
1984,12,19,0.0
1984,12,20,0.0
1984,12,21,0.0
1984,12,22,0.0
1984,12,23,0.0
1984,12,24,0.0
1984,12,25,0.0
1984,12,26,0.0
1984,12,27,0.0
1984,12,28,0.0
1984,12,29,0.0
1984,12,30,0.02
1984,12,31,0.88
1985,1,1,0.03
1985,1,2,0.01
1985,1,3,0.0
1985,1,4,0.0
1985,1,5,0.0
1985,1,6,0.0
1985,1,7,0.0
1985,1,8,0.0
1985,1,9,0.0
1985,1,10,0.0
1985,1,11,0.42
1985,1,12,0.29
1985,1,13,0.25
1985,1,14,0.3
1985,1,15,0.2
1985,1,16,0.31
1985,1,17,0.0
1985,1,18,0.36
1985,1,19,0.01
1985,1,20,0.0
1985,1,21,0.0
1985,1,22,0.0
1985,1,23,0.0
1985,1,24,0.0
1985,1,25,0.0
1985,1,26,0.0
1985,1,27,0.0
1985,1,28,0.0
1985,1,29,0.0
1985,1,30,0.0
1985,1,31,0.0
1985,2,1,0.0
1985,2,2,0.0
1985,2,3,0.0
1985,2,4,0.0
1985,2,5,0.0
1985,2,6,0.0
1985,2,7,0.0
1985,2,8,0.0
1985,2,9,0.0
1985,2,10,0.0
1985,2,11,0.0
1985,2,12,0.0
1985,2,13,0.0
1985,2,14,0.0
1985,2,15,0.0
1985,2,16,0.0
1985,2,17,0.0
1985,2,18,0.0
1985,2,19,0.0
1985,2,20,0.0
1985,2,21,0.0
1985,2,22,0.0
1985,2,23,0.0
1985,2,24,0.0
1985,2,25,0.0
1985,2,26,0.0
1985,2,27,0.0
1985,2,28,0.0
1985,3,1,0.0
1985,3,2,0.0
1985,3,3,0.0
1985,3,4,0.0
1985,3,5,0.0
1985,3,6,0.0
1985,3,7,0.01
1985,3,8,0.27
1985,3,9,0.25
1985,3,10,0.2
1985,3,11,0.26
1985,3,12,2.59
1985,3,13,1.21
1985,3,14,1.37
1985,3,15,1.12
1985,3,16,1.31
1985,3,17,5.5
1985,3,18,7.56
1985,3,19,1.76
1985,3,20,7.25
1985,3,21,7.45
1985,3,22,3.47
1985,3,23,2.62
1985,3,24,3.71
1985,3,25,20.33
1985,3,26,21.57
1985,3,27,13.53
1985,3,28,4.15
1985,3,29,4.5
1985,3,30,3.93
1985,3,31,3.6
1985,4,1,7.07
1985,4,2,8.89
1985,4,3,4.24
1985,4,4,2.17
1985,4,5,4.29
1985,4,6,1.18
1985,4,7,5.5
1985,4,8,5.37
1985,4,9,4.76
1985,4,10,6.9
1985,4,11,4.96
1985,4,12,0.81
1985,4,13,0.53
1985,4,14,0.48
1985,4,15,0.5
1985,4,16,1.23
1985,4,17,1.85
1985,4,18,3.18
1985,4,19,8.08
1985,4,20,2.95
1985,4,21,1.51
1985,4,22,0.55
1985,4,23,0.71
1985,4,24,0.8
1985,4,25,1.73
1985,4,26,1.22
1985,4,27,1.4
1985,4,28,1.04
1985,4,29,0.84
1985,4,30,1.84
1985,5,1,7.11
1985,5,2,3.91
1985,5,3,2.77
1985,5,4,2.97
1985,5,5,2.81
1985,5,6,3.83
1985,5,7,2.78
1985,5,8,3.87
1985,5,9,3.89
1985,5,10,4.47
1985,5,11,1.08
1985,5,12,8.72
1985,5,13,0.42
1985,5,14,4.29
1985,5,15,2.62
1985,5,16,1.82
1985,5,17,6.2
1985,5,18,5.08
1985,5,19,1.98
1985,5,20,4.95
1985,5,21,15.11
1985,5,22,5.08
1985,5,23,8.86
1985,5,24,3.44
1985,5,25,8.8
1985,5,26,9.17
1985,5,27,9.72
1985,5,28,2.13
1985,5,29,3.17
1985,5,30,3.02
1985,5,31,6.84
1985,6,1,2.57
1985,6,2,19.41
1985,6,3,1.51
1985,6,4,5.97
1985,6,5,1.25
1985,6,6,0.58
1985,6,7,0.77
1985,6,8,0.64
1985,6,9,0.32
1985,6,10,6.96
1985,6,11,17.25
1985,6,12,17.32
1985,6,13,26.48
1985,6,14,12.96
1985,6,15,9.22
1985,6,16,3.53
1985,6,17,0.64
1985,6,18,3.17
1985,6,19,5.99
1985,6,20,1.97
1985,6,21,2.38
1985,6,22,1.09
1985,6,23,2.3
1985,6,24,2.55
1985,6,25,3.15
1985,6,26,16.7
1985,6,27,3.62
1985,6,28,1.31
1985,6,29,4.91
1985,6,30,2.4
1985,7,1,5.81
1985,7,2,10.41
1985,7,3,6.6
1985,7,4,5.06
1985,7,5,3.3
1985,7,6,8.01
1985,7,7,18.01
1985,7,8,11.02
1985,7,9,11.79
1985,7,10,6.02
1985,7,11,4.1
1985,7,12,2.06
1985,7,13,4.71
1985,7,14,11.22
1985,7,15,2.16
1985,7,16,0.54
1985,7,17,1.22
1985,7,18,0.68
1985,7,19,1.57
1985,7,20,4.13
1985,7,21,1.29
1985,7,22,1.13
1985,7,23,1.95
1985,7,24,2.29
1985,7,25,9.25
1985,7,26,7.62
1985,7,27,2.16
1985,7,28,6.43
1985,7,29,12.82
1985,7,30,8.19
1985,7,31,4.93
1985,8,1,2.53
1985,8,2,3.28
1985,8,3,11.44
1985,8,4,11.34
1985,8,5,2.61
1985,8,6,9.6
1985,8,7,16.87
1985,8,8,1.09
1985,8,9,2.0
1985,8,10,7.78
1985,8,11,16.99
1985,8,12,2.77
1985,8,13,1.92
1985,8,14,2.78
1985,8,15,9.29
1985,8,16,17.63
1985,8,17,10.16
1985,8,18,9.94
1985,8,19,8.13
1985,8,20,4.68
1985,8,21,5.01
1985,8,22,3.68
1985,8,23,3.62
1985,8,24,5.02
1985,8,25,1.16
1985,8,26,0.96
1985,8,27,2.16
1985,8,28,0.61
1985,8,29,11.57
1985,8,30,10.56
1985,8,31,11.77
1985,9,1,18.58
1985,9,2,11.11
1985,9,3,4.84
1985,9,4,6.94
1985,9,5,6.84
1985,9,6,1.94
1985,9,7,7.31
1985,9,8,14.54
1985,9,9,11.51
1985,9,10,11.06
1985,9,11,6.08
1985,9,12,9.29
1985,9,13,4.41
1985,9,14,5.15
1985,9,15,4.06
1985,9,16,8.85
1985,9,17,6.09
1985,9,18,3.8
1985,9,19,8.72
1985,9,20,6.85
1985,9,21,2.2
1985,9,22,4.13
1985,9,23,4.93
1985,9,24,2.76
1985,9,25,7.57
1985,9,26,3.74
1985,9,27,18.19
1985,9,28,13.16
1985,9,29,3.84
1985,9,30,5.08
1985,10,1,22.5
1985,10,2,12.1
1985,10,3,2.12
1985,10,4,1.57
1985,10,5,0.61
1985,10,6,0.56
1985,10,7,1.23
1985,10,8,4.94
1985,10,9,13.43
1985,10,10,11.97
1985,10,11,11.06
1985,10,12,5.73
1985,10,13,6.67
1985,10,14,10.0
1985,10,15,23.86
1985,10,16,15.68
1985,10,17,4.2
1985,10,18,0.22
1985,10,19,0.09
1985,10,20,0.03
1985,10,21,0.07
1985,10,22,0.08
1985,10,23,2.73
1985,10,24,2.83
1985,10,25,0.56
1985,10,26,0.49
1985,10,27,1.26
1985,10,28,7.67
1985,10,29,4.71
1985,10,30,10.86
1985,10,31,6.13
1985,11,1,4.58
1985,11,2,1.17
1985,11,3,0.68
1985,11,4,0.51
1985,11,5,0.68
1985,11,6,0.83
1985,11,7,3.7
1985,11,8,2.79
1985,11,9,0.68
1985,11,10,1.05
1985,11,11,1.52
1985,11,12,0.19
1985,11,13,0.06
1985,11,14,0.17
1985,11,15,0.18
1985,11,16,0.18
1985,11,17,0.25
1985,11,18,0.12
1985,11,19,0.0
1985,11,20,0.07
1985,11,21,0.14
1985,11,22,0.0
1985,11,23,0.0
1985,11,24,0.0
1985,11,25,0.0
1985,11,26,0.0
1985,11,27,0.19
1985,11,28,0.27
1985,11,29,0.2
1985,11,30,0.22
1985,12,1,0.41
1985,12,2,0.01
1985,12,3,0.0
1985,12,4,0.0
1985,12,5,0.0
1985,12,6,0.0
1985,12,7,0.0
1985,12,8,0.0
1985,12,9,0.0
1985,12,10,0.0
1985,12,11,0.08
1985,12,12,0.06
1985,12,13,0.29
1985,12,14,0.12
1985,12,15,0.3
1985,12,16,0.17
1985,12,17,0.0
1985,12,18,0.0
1985,12,19,0.0
1985,12,20,0.0
1985,12,21,0.0
1985,12,22,0.0
1985,12,23,0.0
1985,12,24,0.0
1985,12,25,0.0
1985,12,26,0.0
1985,12,27,0.0
1985,12,28,0.0
1985,12,29,0.0
1985,12,30,0.0
1985,12,31,0.0
1986,1,1,0.0
1986,1,2,0.0
1986,1,3,0.0
1986,1,4,0.0
1986,1,5,0.0
1986,1,6,0.02
1986,1,7,0.0
1986,1,8,0.0
1986,1,9,0.0
1986,1,10,0.0
1986,1,11,0.0
1986,1,12,0.0
1986,1,13,0.0
1986,1,14,0.0
1986,1,15,0.0
1986,1,16,0.0
1986,1,17,0.0
1986,1,18,0.0
1986,1,19,0.0
1986,1,20,0.0
1986,1,21,0.0
1986,1,22,0.0
1986,1,23,0.0
1986,1,24,0.0
1986,1,25,0.0
1986,1,26,0.14
1986,1,27,0.43
1986,1,28,0.31
1986,1,29,0.06
1986,1,30,0.03
1986,1,31,0.0
1986,2,1,0.0
1986,2,2,0.0
1986,2,3,0.0
1986,2,4,0.0
1986,2,5,0.1
1986,2,6,0.06
1986,2,7,0.13
1986,2,8,0.23
1986,2,9,0.02
1986,2,10,0.04
1986,2,11,0.1
1986,2,12,0.06
1986,2,13,0.05
1986,2,14,0.12
1986,2,15,0.64
1986,2,16,0.54
1986,2,17,0.19
1986,2,18,0.81
1986,2,19,0.3
1986,2,20,0.0
1986,2,21,0.0
1986,2,22,0.0
1986,2,23,0.0
1986,2,24,0.0
1986,2,25,0.05
1986,2,26,0.07
1986,2,27,0.08
1986,2,28,0.11
1986,3,1,0.08
1986,3,2,0.05
1986,3,3,0.03
1986,3,4,0.05
1986,3,5,0.04
1986,3,6,0.01
1986,3,7,2.54
1986,3,8,10.42
1986,3,9,3.52
1986,3,10,2.5
1986,3,11,2.94
1986,3,12,8.29
1986,3,13,1.35
1986,3,14,1.88
1986,3,15,4.62
1986,3,16,2.31
1986,3,17,1.1
1986,3,18,2.55
1986,3,19,1.61
1986,3,20,2.57
1986,3,21,2.27
1986,3,22,1.43
1986,3,23,1.26
1986,3,24,4.16
1986,3,25,3.26
1986,3,26,2.04
1986,3,27,1.56
1986,3,28,1.86
1986,3,29,1.86
1986,3,30,1.24
1986,3,31,4.14
1986,4,1,6.7
1986,4,2,5.12
1986,4,3,6.69
1986,4,4,2.42
1986,4,5,2.46
1986,4,6,1.03
1986,4,7,0.73
1986,4,8,0.58
1986,4,9,0.96
1986,4,10,1.7
1986,4,11,7.96
1986,4,12,4.48
1986,4,13,8.3
1986,4,14,3.99
1986,4,15,4.53
1986,4,16,0.86
1986,4,17,2.21
1986,4,18,1.7
1986,4,19,1.01
1986,4,20,0.8
1986,4,21,3.61
1986,4,22,2.76
1986,4,23,4.85
1986,4,24,1.21
1986,4,25,2.42
1986,4,26,3.93
1986,4,27,4.46
1986,4,28,2.54
1986,4,29,0.94
1986,4,30,2.18
1986,5,1,3.15
1986,5,2,6.43
1986,5,3,6.21
1986,5,4,3.88
1986,5,5,2.81
1986,5,6,6.95
1986,5,7,11.44
1986,5,8,5.53
1986,5,9,8.55
1986,5,10,24.77
1986,5,11,24.06
1986,5,12,4.42
1986,5,13,3.42
1986,5,14,9.3
1986,5,15,11.54
1986,5,16,7.52
1986,5,17,5.7
1986,5,18,8.3
1986,5,19,5.86
1986,5,20,8.44
1986,5,21,1.96
1986,5,22,5.9
1986,5,23,1.78
1986,5,24,4.32
1986,5,25,1.61
1986,5,26,7.15
1986,5,27,10.94
1986,5,28,8.13
1986,5,29,7.8
1986,5,30,4.43
1986,5,31,3.34
1986,6,1,5.22
1986,6,2,0.51
1986,6,3,3.15
1986,6,4,2.1
1986,6,5,11.97
1986,6,6,5.05
1986,6,7,2.33
1986,6,8,9.61
1986,6,9,9.89
1986,6,10,3.44
1986,6,11,15.95
1986,6,12,4.29
1986,6,13,6.48
1986,6,14,7.35
1986,6,15,2.33
1986,6,16,1.52
1986,6,17,2.19
1986,6,18,2.55
1986,6,19,2.43
1986,6,20,1.18
1986,6,21,2.98
1986,6,22,2.04
1986,6,23,3.06
1986,6,24,2.63
1986,6,25,0.33
1986,6,26,0.19
1986,6,27,1.85
1986,6,28,2.25
1986,6,29,2.62
1986,6,30,6.18
1986,7,1,2.76
1986,7,2,2.91
1986,7,3,2.08
1986,7,4,5.54
1986,7,5,3.96
1986,7,6,5.22
1986,7,7,6.37
1986,7,8,6.63
1986,7,9,5.75
1986,7,10,7.26
1986,7,11,10.09
1986,7,12,4.18
1986,7,13,4.08
1986,7,14,3.37
1986,7,15,4.54
1986,7,16,2.66
1986,7,17,1.96
1986,7,18,2.85
1986,7,19,6.53
1986,7,20,6.47
1986,7,21,11.0
1986,7,22,16.14
1986,7,23,4.25
1986,7,24,3.38
1986,7,25,4.94
1986,7,26,3.63
1986,7,27,5.38
1986,7,28,6.59
1986,7,29,5.08
1986,7,30,6.87
1986,7,31,8.1
1986,8,1,3.47
1986,8,2,0.48
1986,8,3,2.33
1986,8,4,5.76
1986,8,5,4.62
1986,8,6,10.19
1986,8,7,3.14
1986,8,8,2.97
1986,8,9,2.79
1986,8,10,2.36
1986,8,11,5.39
1986,8,12,3.06
1986,8,13,2.64
1986,8,14,4.62
1986,8,15,4.15
1986,8,16,5.08
1986,8,17,10.53
1986,8,18,5.25
1986,8,19,14.23
1986,8,20,14.38
1986,8,21,8.86
1986,8,22,18.67
1986,8,23,4.52
1986,8,24,16.44
1986,8,25,15.88
1986,8,26,15.35
1986,8,27,20.84
1986,8,28,33.18
1986,8,29,9.42
1986,8,30,6.9
1986,8,31,18.48
1986,9,1,15.88
1986,9,2,9.16
1986,9,3,11.23
1986,9,4,27.73
1986,9,5,14.83
1986,9,6,11.33
1986,9,7,7.12
1986,9,8,25.92
1986,9,9,5.82
1986,9,10,2.76
1986,9,11,10.14
1986,9,12,3.12
1986,9,13,2.03
1986,9,14,2.08
1986,9,15,0.98
1986,9,16,0.55
1986,9,17,0.5
1986,9,18,9.49
1986,9,19,6.64
1986,9,20,4.76
1986,9,21,7.72
1986,9,22,5.45
1986,9,23,8.39
1986,9,24,12.16
1986,9,25,15.35
1986,9,26,18.52
1986,9,27,2.31
1986,9,28,7.12
1986,9,29,9.59
1986,9,30,13.44
1986,10,1,4.39
1986,10,2,3.2
1986,10,3,5.57
1986,10,4,12.75
1986,10,5,13.83
1986,10,6,10.6
1986,10,7,6.44
1986,10,8,7.53
1986,10,9,2.29
1986,10,10,3.4
1986,10,11,5.53
1986,10,12,1.76
1986,10,13,3.2
1986,10,14,4.8
1986,10,15,2.02
1986,10,16,5.25
1986,10,17,9.91
1986,10,18,7.13
1986,10,19,4.39
1986,10,20,3.43
1986,10,21,5.65
1986,10,22,13.53
1986,10,23,5.5
1986,10,24,5.01
1986,10,25,2.58
1986,10,26,5.49
1986,10,27,9.13
1986,10,28,5.67
1986,10,29,5.76
1986,10,30,1.72
1986,10,31,2.28
1986,11,1,4.4
1986,11,2,2.94
1986,11,3,2.98
1986,11,4,4.5
1986,11,5,4.27
1986,11,6,9.57
1986,11,7,1.6
1986,11,8,0.22
1986,11,9,0.16
1986,11,10,0.01
1986,11,11,0.01
1986,11,12,2.65
1986,11,13,0.02
1986,11,14,0.0
1986,11,15,0.33
1986,11,16,17.4
1986,11,17,3.74
1986,11,18,0.0
1986,11,19,0.04
1986,11,20,0.71
1986,11,21,0.74
1986,11,22,3.61
1986,11,23,5.11
1986,11,24,1.39
1986,11,25,2.03
1986,11,26,1.44
1986,11,27,0.11
1986,11,28,0.01
1986,11,29,0.0
1986,11,30,0.0
1986,12,1,0.0
1986,12,2,0.01
1986,12,3,0.0
1986,12,4,0.0
1986,12,5,0.0
1986,12,6,0.0
1986,12,7,0.0
1986,12,8,0.0
1986,12,9,0.0
1986,12,10,0.0
1986,12,11,0.0
1986,12,12,0.0
1986,12,13,0.0
1986,12,14,0.0
1986,12,15,0.0
1986,12,16,0.0
1986,12,17,0.0
1986,12,18,0.0
1986,12,19,0.0
1986,12,20,0.0
1986,12,21,0.0
1986,12,22,0.0
1986,12,23,0.0
1986,12,24,1.16
1986,12,25,1.99
1986,12,26,3.77
1986,12,27,0.0
1986,12,28,0.0
1986,12,29,0.0
1986,12,30,0.0
1986,12,31,0.0
1987,1,1,0.0
1987,1,2,0.0
1987,1,3,0.0
1987,1,4,0.0
1987,1,5,0.0
1987,1,6,0.0
1987,1,7,0.0
1987,1,8,0.0
1987,1,9,0.0
1987,1,10,0.0
1987,1,11,0.0
1987,1,12,0.01
1987,1,13,0.0
1987,1,14,0.0
1987,1,15,0.0
1987,1,16,0.0
1987,1,17,8.04
1987,1,18,4.93
1987,1,19,0.4
1987,1,20,0.01
1987,1,21,0.0
1987,1,22,0.0
1987,1,23,0.0
1987,1,24,0.0
1987,1,25,0.0
1987,1,26,0.0
1987,1,27,0.0
1987,1,28,0.0
1987,1,29,0.0
1987,1,30,0.0
1987,1,31,0.0
1987,2,1,0.0
1987,2,2,0.0
1987,2,3,0.0
1987,2,4,0.0
1987,2,5,0.0
1987,2,6,0.01
1987,2,7,0.02
1987,2,8,0.0
1987,2,9,0.0
1987,2,10,0.0
1987,2,11,0.0
1987,2,12,0.3
1987,2,13,4.29
1987,2,14,4.78
1987,2,15,0.22
1987,2,16,0.26
1987,2,17,0.1
1987,2,18,0.1
1987,2,19,0.13
1987,2,20,0.16
1987,2,21,0.1
1987,2,22,0.02
1987,2,23,0.04
1987,2,24,0.12
1987,2,25,1.95
1987,2,26,2.79
1987,2,27,1.93
1987,2,28,0.91
1987,3,1,0.12
1987,3,2,0.0
1987,3,3,0.0
1987,3,4,0.0
1987,3,5,0.0
1987,3,6,0.0
1987,3,7,0.12
1987,3,8,7.95
1987,3,9,18.6
1987,3,10,15.18
1987,3,11,12.19
1987,3,12,1.41
1987,3,13,0.03
1987,3,14,0.18
1987,3,15,0.27
1987,3,16,0.08
1987,3,17,0.48
1987,3,18,0.83
1987,3,19,0.19
1987,3,20,0.72
1987,3,21,2.52
1987,3,22,1.45
1987,3,23,2.65
1987,3,24,1.5
1987,3,25,3.42
1987,3,26,2.89
1987,3,27,5.7
1987,3,28,2.77
1987,3,29,1.42
1987,3,30,3.26
1987,3,31,1.95
1987,4,1,2.92
1987,4,2,4.83
1987,4,3,3.55
1987,4,4,2.98
1987,4,5,2.73
1987,4,6,3.02
1987,4,7,3.12
1987,4,8,0.05
1987,4,9,0.0
1987,4,10,0.0
1987,4,11,2.09
1987,4,12,0.64
1987,4,13,1.54
1987,4,14,0.4
1987,4,15,0.47
1987,4,16,1.57
1987,4,17,2.51
1987,4,18,4.31
1987,4,19,1.32
1987,4,20,0.01
1987,4,21,0.67
1987,4,22,0.64
1987,4,23,0.89
1987,4,24,2.42
1987,4,25,4.03
1987,4,26,0.0
1987,4,27,0.01
1987,4,28,0.01
1987,4,29,0.02
1987,4,30,0.01
1987,5,1,0.72
1987,5,2,1.88
1987,5,3,2.41
1987,5,4,1.39
1987,5,5,1.55
1987,5,6,0.72
1987,5,7,1.67
1987,5,8,0.97
1987,5,9,0.62
1987,5,10,0.82
1987,5,11,3.08
1987,5,12,4.34
1987,5,13,5.22
1987,5,14,3.41
1987,5,15,4.51
1987,5,16,3.25
1987,5,17,2.49
1987,5,18,4.29
1987,5,19,4.17
1987,5,20,7.81
1987,5,21,2.85
1987,5,22,4.87
1987,5,23,3.47
1987,5,24,5.73
1987,5,25,3.86
1987,5,26,2.58
1987,5,27,4.64
1987,5,28,3.6
1987,5,29,9.28
1987,5,30,3.99
1987,5,31,10.74
1987,6,1,12.94
1987,6,2,8.54
1987,6,3,8.73
1987,6,4,9.48
1987,6,5,7.03
1987,6,6,5.69
1987,6,7,2.19
1987,6,8,4.4
1987,6,9,5.95
1987,6,10,0.2
1987,6,11,0.2
1987,6,12,0.62
1987,6,13,0.46
1987,6,14,1.01
1987,6,15,5.3
1987,6,16,3.89
1987,6,17,5.75
1987,6,18,6.34
1987,6,19,10.82
1987,6,20,7.97
1987,6,21,1.53
1987,6,22,3.07
1987,6,23,7.24
1987,6,24,13.02
1987,6,25,9.16
1987,6,26,7.66
1987,6,27,8.78
1987,6,28,5.93
1987,6,29,4.13
1987,6,30,4.63
1987,7,1,1.3
1987,7,2,3.73
1987,7,3,3.47
1987,7,4,5.38
1987,7,5,12.26
1987,7,6,7.79
1987,7,7,14.12
1987,7,8,8.19
1987,7,9,7.99
1987,7,10,12.02
1987,7,11,16.94
1987,7,12,3.25
1987,7,13,2.39
1987,7,14,13.95
1987,7,15,16.99
1987,7,16,10.0
1987,7,17,1.55
1987,7,18,4.71
1987,7,19,4.54
1987,7,20,2.44
1987,7,21,4.33
1987,7,22,0.99
1987,7,23,5.0
1987,7,24,9.99
1987,7,25,11.4
1987,7,26,6.02
1987,7,27,3.18
1987,7,28,4.63
1987,7,29,10.02
1987,7,30,15.72
1987,7,31,6.13
1987,8,1,5.24
1987,8,2,3.52
1987,8,3,7.91
1987,8,4,7.04
1987,8,5,12.22
1987,8,6,9.53
1987,8,7,13.55
1987,8,8,11.36
1987,8,9,5.38
1987,8,10,3.8
1987,8,11,5.89
1987,8,12,3.67
1987,8,13,6.93
1987,8,14,22.63
1987,8,15,21.88
1987,8,16,14.56
1987,8,17,13.12
1987,8,18,24.77
1987,8,19,3.0
1987,8,20,5.81
1987,8,21,6.67
1987,8,22,12.29
1987,8,23,12.61
1987,8,24,7.62
1987,8,25,7.04
1987,8,26,11.06
1987,8,27,18.15
1987,8,28,4.67
1987,8,29,19.12
1987,8,30,10.98
1987,8,31,10.95
1987,9,1,7.31
1987,9,2,3.96
1987,9,3,7.21
1987,9,4,3.88
1987,9,5,17.97
1987,9,6,8.81
1987,9,7,1.62
1987,9,8,4.12
1987,9,9,11.58
1987,9,10,7.39
1987,9,11,9.76
1987,9,12,8.37
1987,9,13,0.59
1987,9,14,5.73
1987,9,15,6.0
1987,9,16,7.96
1987,9,17,6.32
1987,9,18,4.28
1987,9,19,9.86
1987,9,20,8.44
1987,9,21,5.47
1987,9,22,15.59
1987,9,23,4.31
1987,9,24,5.3
1987,9,25,4.08
1987,9,26,7.02
1987,9,27,12.02
1987,9,28,10.06
1987,9,29,5.3
1987,9,30,7.53
1987,10,1,6.95
1987,10,2,2.55
1987,10,3,4.66
1987,10,4,7.23
1987,10,5,8.51
1987,10,6,5.55
1987,10,7,7.59
1987,10,8,1.95
1987,10,9,1.02
1987,10,10,9.72
1987,10,11,7.52
1987,10,12,9.92
1987,10,13,4.01
1987,10,14,2.87
1987,10,15,3.02
1987,10,16,9.17
1987,10,17,10.56
1987,10,18,2.09
1987,10,19,2.02
1987,10,20,2.18
1987,10,21,2.81
1987,10,22,2.17
1987,10,23,2.39
1987,10,24,1.26
1987,10,25,1.99
1987,10,26,3.77
1987,10,27,3.7
1987,10,28,0.14
1987,10,29,0.0
1987,10,30,0.0
1987,10,31,0.0
1987,11,1,0.0
1987,11,2,0.0
1987,11,3,0.0
1987,11,4,0.0
1987,11,5,0.0
1987,11,6,0.0
1987,11,7,0.31
1987,11,8,0.71
1987,11,9,1.12
1987,11,10,0.98
1987,11,11,0.73
1987,11,12,2.39
1987,11,13,3.97
1987,11,14,1.54
1987,11,15,0.06
1987,11,16,0.0
1987,11,17,0.04
1987,11,18,1.25
1987,11,19,0.51
1987,11,20,0.0
1987,11,21,0.01
1987,11,22,0.04
1987,11,23,0.6
1987,11,24,0.12
1987,11,25,0.02
1987,11,26,0.01
1987,11,27,0.16
1987,11,28,0.17
1987,11,29,0.07
1987,11,30,0.6
1987,12,1,0.61
1987,12,2,0.16
1987,12,3,0.32
1987,12,4,0.51
1987,12,5,0.32
1987,12,6,0.01
1987,12,7,0.07
1987,12,8,0.04
1987,12,9,0.0
1987,12,10,0.0
1987,12,11,0.0
1987,12,12,0.0
1987,12,13,0.0
1987,12,14,0.0
1987,12,15,0.0
1987,12,16,2.52
1987,12,17,1.79
1987,12,18,0.0
1987,12,19,0.0
1987,12,20,0.0
1987,12,21,0.0
1987,12,22,0.0
1987,12,23,0.0
1987,12,24,0.0
1987,12,25,0.0
1987,12,26,0.0
1987,12,27,0.0
1987,12,28,0.0
1987,12,29,0.0
1987,12,30,0.0
1987,12,31,0.0
1988,1,1,0.01
1988,1,2,0.07
1988,1,3,0.35
1988,1,4,0.28
1988,1,5,0.02
1988,1,6,0.0
1988,1,7,0.0
1988,1,8,0.0
1988,1,9,0.0
1988,1,10,0.0
1988,1,11,0.0
1988,1,12,0.0
1988,1,13,0.0
1988,1,14,0.0
1988,1,15,0.0
1988,1,16,0.0
1988,1,17,0.0
1988,1,18,0.0
1988,1,19,0.0
1988,1,20,0.24
1988,1,21,0.06
1988,1,22,0.0
1988,1,23,0.16
1988,1,24,0.24
1988,1,25,0.09
1988,1,26,0.0
1988,1,27,0.0
1988,1,28,0.0
1988,1,29,0.0
1988,1,30,0.0
1988,1,31,0.0
1988,2,1,0.0
1988,2,2,0.0
1988,2,3,0.0
1988,2,4,0.0
1988,2,5,0.0
1988,2,6,0.0
1988,2,7,0.86
1988,2,8,0.35
1988,2,9,0.64
1988,2,10,3.46
1988,2,11,3.67
1988,2,12,0.1
1988,2,13,0.0
1988,2,14,0.0
1988,2,15,0.0
1988,2,16,0.0
1988,2,17,0.0
1988,2,18,0.0
1988,2,19,0.0
1988,2,20,0.0
1988,2,21,0.0
1988,2,22,0.0
1988,2,23,0.0
1988,2,24,0.0
1988,2,25,0.0
1988,2,26,0.0
1988,2,27,0.0
1988,2,28,0.0
1988,2,29,0.0
1988,3,1,0.0
1988,3,2,1.72
1988,3,3,1.08
1988,3,4,0.8
1988,3,5,2.3
1988,3,6,1.97
1988,3,7,3.13
1988,3,8,2.97
1988,3,9,3.5
1988,3,10,4.48
1988,3,11,3.59
1988,3,12,0.1
1988,3,13,0.33
1988,3,14,0.5
1988,3,15,0.48
1988,3,16,0.33
1988,3,17,0.67
1988,3,18,1.28
1988,3,19,2.39
1988,3,20,1.05
1988,3,21,0.29
1988,3,22,0.33
1988,3,23,0.29
1988,3,24,0.17
1988,3,25,0.2
1988,3,26,0.3
1988,3,27,6.1
1988,3,28,2.24
1988,3,29,0.18
1988,3,30,1.37
1988,3,31,2.45
1988,4,1,2.71
1988,4,2,4.01
1988,4,3,3.33
1988,4,4,2.85
1988,4,5,1.59
1988,4,6,2.43
1988,4,7,0.59
1988,4,8,2.19
1988,4,9,1.35
1988,4,10,2.44
1988,4,11,7.76
1988,4,12,4.31
1988,4,13,8.16
1988,4,14,8.02
1988,4,15,0.97
1988,4,16,0.73
1988,4,17,1.11
1988,4,18,0.63
1988,4,19,2.22
1988,4,20,3.03
1988,4,21,6.82
1988,4,22,3.17
1988,4,23,4.08
1988,4,24,3.11
1988,4,25,4.99
1988,4,26,8.51
1988,4,27,13.2
1988,4,28,6.16
1988,4,29,5.23
1988,4,30,3.42
1988,5,1,6.23
1988,5,2,6.95
1988,5,3,6.1
1988,5,4,5.62
1988,5,5,5.75
1988,5,6,3.79
1988,5,7,4.54
1988,5,8,3.42
1988,5,9,4.83
1988,5,10,5.1
1988,5,11,1.35
1988,5,12,1.54
1988,5,13,1.11
1988,5,14,0.78
1988,5,15,0.84
1988,5,16,5.13
1988,5,17,3.62
1988,5,18,6.43
1988,5,19,5.97
1988,5,20,7.02
1988,5,21,7.2
1988,5,22,6.78
1988,5,23,18.39
1988,5,24,5.68
1988,5,25,3.07
1988,5,26,7.07
1988,5,27,11.19
1988,5,28,6.86
1988,5,29,3.94
1988,5,30,9.36
1988,5,31,9.94
1988,6,1,18.23
1988,6,2,9.83
1988,6,3,4.76
1988,6,4,8.68
1988,6,5,7.77
1988,6,6,7.16
1988,6,7,2.04
1988,6,8,19.39
1988,6,9,32.74
1988,6,10,1.91
1988,6,11,2.41
1988,6,12,0.95
1988,6,13,3.15
1988,6,14,3.04
1988,6,15,3.9
1988,6,16,13.18
1988,6,17,9.11
1988,6,18,4.7
1988,6,19,5.43
1988,6,20,8.25
1988,6,21,8.33
1988,6,22,1.89
1988,6,23,1.61
1988,6,24,4.23
1988,6,25,7.5
1988,6,26,2.89
1988,6,27,0.24
1988,6,28,8.06
1988,6,29,25.43
1988,6,30,7.31
1988,7,1,15.18
1988,7,2,12.96
1988,7,3,2.72
1988,7,4,4.58
1988,7,5,6.06
1988,7,6,30.22
1988,7,7,14.01
1988,7,8,13.21
1988,7,9,29.41
1988,7,10,2.88
1988,7,11,9.5
1988,7,12,4.97
1988,7,13,3.08
1988,7,14,2.64
1988,7,15,4.39
1988,7,16,1.98
1988,7,17,2.67
1988,7,18,7.97
1988,7,19,0.66
1988,7,20,3.35
1988,7,21,4.41
1988,7,22,4.12
1988,7,23,7.35
1988,7,24,10.08
1988,7,25,16.6
1988,7,26,13.3
1988,7,27,4.47
1988,7,28,22.37
1988,7,29,38.4
1988,7,30,7.59
1988,7,31,2.97
1988,8,1,3.97
1988,8,2,4.31
1988,8,3,2.24
1988,8,4,2.23
1988,8,5,3.71
1988,8,6,9.52
1988,8,7,3.5
1988,8,8,4.94
1988,8,9,8.2
1988,8,10,5.39
1988,8,11,3.63
1988,8,12,3.64
1988,8,13,4.16
1988,8,14,11.55
1988,8,15,4.29
1988,8,16,2.87
1988,8,17,5.22
1988,8,18,5.31
1988,8,19,11.52
1988,8,20,25.57
1988,8,21,9.82
1988,8,22,8.99
1988,8,23,10.44
1988,8,24,14.44
1988,8,25,17.25
1988,8,26,10.34
1988,8,27,5.79
1988,8,28,6.8
1988,8,29,10.63
1988,8,30,18.58
1988,8,31,8.11
1988,9,1,13.92
1988,9,2,12.56
1988,9,3,3.67
1988,9,4,20.67
1988,9,5,12.06
1988,9,6,5.76
1988,9,7,6.77
1988,9,8,3.52
1988,9,9,3.47
1988,9,10,4.0
1988,9,11,5.85
1988,9,12,2.55
1988,9,13,6.27
1988,9,14,6.6
1988,9,15,2.97
1988,9,16,7.03
1988,9,17,9.26
1988,9,18,3.19
1988,9,19,2.61
1988,9,20,13.92
1988,9,21,11.45
1988,9,22,10.78
1988,9,23,15.4
1988,9,24,15.71
1988,9,25,9.06
1988,9,26,14.2
1988,9,27,5.36
1988,9,28,11.64
1988,9,29,10.51
1988,9,30,6.25
1988,10,1,3.03
1988,10,2,7.32
1988,10,3,4.15
1988,10,4,7.54
1988,10,5,17.98
1988,10,6,13.53
1988,10,7,18.38
1988,10,8,10.58
1988,10,9,13.2
1988,10,10,5.06
1988,10,11,5.0
1988,10,12,3.62
1988,10,13,3.41
1988,10,14,7.21
1988,10,15,16.56
1988,10,16,8.88
1988,10,17,9.15
1988,10,18,1.85
1988,10,19,0.88
1988,10,20,1.19
1988,10,21,2.79
1988,10,22,2.13
1988,10,23,1.35
1988,10,24,0.99
1988,10,25,0.67
1988,10,26,1.05
1988,10,27,1.51
1988,10,28,8.18
1988,10,29,7.18
1988,10,30,9.39
1988,10,31,0.95
1988,11,1,0.0
1988,11,2,0.02
1988,11,3,0.11
1988,11,4,0.82
1988,11,5,10.37
1988,11,6,8.64
1988,11,7,0.12
1988,11,8,0.0
1988,11,9,0.0
1988,11,10,0.0
1988,11,11,0.0
1988,11,12,0.0
1988,11,13,0.03
1988,11,14,0.03
1988,11,15,0.03
1988,11,16,0.03
1988,11,17,0.07
1988,11,18,0.04
1988,11,19,0.04
1988,11,20,0.0
1988,11,21,0.0
1988,11,22,0.07
1988,11,23,0.57
1988,11,24,0.03
1988,11,25,0.69
1988,11,26,2.59
1988,11,27,0.13
1988,11,28,0.4
1988,11,29,0.33
1988,11,30,0.3
1988,12,1,0.32
1988,12,2,0.0
1988,12,3,0.0
1988,12,4,0.0
1988,12,5,0.0
1988,12,6,0.0
1988,12,7,0.52
1988,12,8,0.32
1988,12,9,0.34
1988,12,10,0.4
1988,12,11,0.35
1988,12,12,3.97
1988,12,13,0.0
1988,12,14,0.2
1988,12,15,0.0
1988,12,16,0.31
1988,12,17,0.3
1988,12,18,0.0
1988,12,19,0.0
1988,12,20,0.0
1988,12,21,0.0
1988,12,22,0.13
1988,12,23,0.2
1988,12,24,0.06
1988,12,25,0.0
1988,12,26,0.0
1988,12,27,0.0
1988,12,28,0.0
1988,12,29,0.0
1988,12,30,0.0
1988,12,31,0.0
1989,1,1,0.0
1989,1,2,0.0
1989,1,3,0.0
1989,1,4,0.0
1989,1,5,0.0
1989,1,6,0.0
1989,1,7,0.0
1989,1,8,0.0
1989,1,9,0.0
1989,1,10,0.0
1989,1,11,0.0
1989,1,12,0.0
1989,1,13,0.0
1989,1,14,0.0
1989,1,15,0.0
1989,1,16,0.0
1989,1,17,0.0
1989,1,18,0.0
1989,1,19,0.0
1989,1,20,0.0
1989,1,21,0.0
1989,1,22,0.0
1989,1,23,0.0
1989,1,24,0.0
1989,1,25,0.0
1989,1,26,0.0
1989,1,27,0.0
1989,1,28,0.0
1989,1,29,0.0
1989,1,30,0.0
1989,1,31,0.0
1989,2,1,0.0
1989,2,2,0.0
1989,2,3,0.0
1989,2,4,0.0
1989,2,5,0.0
1989,2,6,0.0
1989,2,7,0.0
1989,2,8,0.0
1989,2,9,0.0
1989,2,10,0.0
1989,2,11,0.0
1989,2,12,0.0
1989,2,13,0.0
1989,2,14,0.0
1989,2,15,0.0
1989,2,16,0.0
1989,2,17,0.0
1989,2,18,0.0
1989,2,19,0.0
1989,2,20,0.0
1989,2,21,0.0
1989,2,22,0.0
1989,2,23,0.0
1989,2,24,0.0
1989,2,25,0.0
1989,2,26,0.0
1989,2,27,0.0
1989,2,28,0.0
1989,3,1,0.0
1989,3,2,0.0
1989,3,3,0.0
1989,3,4,0.02
1989,3,5,0.02
1989,3,6,0.02
1989,3,7,0.0
1989,3,8,0.0
1989,3,9,0.0
1989,3,10,0.0
1989,3,11,0.0
1989,3,12,0.01
1989,3,13,0.01
1989,3,14,0.03
1989,3,15,0.02
1989,3,16,0.01
1989,3,17,0.53
1989,3,18,0.9
1989,3,19,0.62
1989,3,20,0.67
1989,3,21,0.3
1989,3,22,0.07
1989,3,23,0.74
1989,3,24,0.91
1989,3,25,0.95
1989,3,26,0.73
1989,3,27,1.57
1989,3,28,1.84
1989,3,29,0.36
1989,3,30,0.0
1989,3,31,0.0
1989,4,1,0.12
1989,4,2,0.24
1989,4,3,0.47
1989,4,4,0.17
1989,4,5,0.3
1989,4,6,0.82
1989,4,7,0.89
1989,4,8,1.02
1989,4,9,0.93
1989,4,10,1.41
1989,4,11,1.49
1989,4,12,1.19
1989,4,13,1.46
1989,4,14,1.1
1989,4,15,1.49
1989,4,16,12.38
1989,4,17,10.12
1989,4,18,6.93
1989,4,19,12.35
1989,4,20,14.34
1989,4,21,3.28
1989,4,22,2.75
1989,4,23,4.07
1989,4,24,5.47
1989,4,25,8.17
1989,4,26,3.98
1989,4,27,5.59
1989,4,28,3.16
1989,4,29,1.67
1989,4,30,4.69
1989,5,1,10.03
1989,5,2,6.1
1989,5,3,7.36
1989,5,4,8.1
1989,5,5,6.96
1989,5,6,6.99
1989,5,7,6.28
1989,5,8,5.31
1989,5,9,7.23
1989,5,10,9.85
1989,5,11,3.38
1989,5,12,0.97
1989,5,13,2.31
1989,5,14,1.44
1989,5,15,1.38
1989,5,16,1.23
1989,5,17,1.15
1989,5,18,1.42
1989,5,19,1.12
1989,5,20,2.82
1989,5,21,4.59
1989,5,22,3.64
1989,5,23,3.33
1989,5,24,3.31
1989,5,25,3.54
1989,5,26,5.75
1989,5,27,7.28
1989,5,28,5.39
1989,5,29,10.07
1989,5,30,7.64
1989,5,31,2.75
1989,6,1,1.71
1989,6,2,4.35
1989,6,3,3.37
1989,6,4,3.16
1989,6,5,6.77
1989,6,6,6.75
1989,6,7,9.15
1989,6,8,20.32
1989,6,9,10.42
1989,6,10,3.53
1989,6,11,3.32
1989,6,12,11.77
1989,6,13,16.45
1989,6,14,26.29
1989,6,15,11.47
1989,6,16,30.62
1989,6,17,10.51
1989,6,18,19.08
1989,6,19,3.03
1989,6,20,8.59
1989,6,21,8.28
1989,6,22,7.75
1989,6,23,13.23
1989,6,24,8.08
1989,6,25,15.62
1989,6,26,5.65
1989,6,27,4.05
1989,6,28,12.69
1989,6,29,9.62
1989,6,30,29.65
1989,7,1,8.66
1989,7,2,5.94
1989,7,3,5.8
1989,7,4,9.44
1989,7,5,3.81
1989,7,6,3.01
1989,7,7,2.54
1989,7,8,3.6
1989,7,9,4.35
1989,7,10,10.56
1989,7,11,17.65
1989,7,12,9.78
1989,7,13,13.92
1989,7,14,6.36
1989,7,15,14.62
1989,7,16,10.35
1989,7,17,13.06
1989,7,18,10.77
1989,7,19,1.52
1989,7,20,2.58
1989,7,21,10.69
1989,7,22,13.34
1989,7,23,12.43
1989,7,24,8.04
1989,7,25,8.48
1989,7,26,7.11
1989,7,27,12.16
1989,7,28,10.44
1989,7,29,6.74
1989,7,30,12.35
1989,7,31,8.64
1989,8,1,11.6
1989,8,2,1.96
1989,8,3,5.04
1989,8,4,13.6
1989,8,5,7.5
1989,8,6,4.17
1989,8,7,4.7
1989,8,8,3.33
1989,8,9,20.59
1989,8,10,24.52
1989,8,11,2.2
1989,8,12,8.2
1989,8,13,10.96
1989,8,14,4.13
1989,8,15,3.6
1989,8,16,6.57
1989,8,17,2.06
1989,8,18,5.05
1989,8,19,17.53
1989,8,20,8.42
1989,8,21,10.77
1989,8,22,20.89
1989,8,23,11.66
1989,8,24,11.74
1989,8,25,13.7
1989,8,26,5.72
1989,8,27,14.47
1989,8,28,8.63
1989,8,29,10.91
1989,8,30,8.99
1989,8,31,6.15
1989,9,1,10.94
1989,9,2,20.26
1989,9,3,5.18
1989,9,4,2.74
1989,9,5,4.16
1989,9,6,4.75
1989,9,7,12.16
1989,9,8,11.48
1989,9,9,14.94
1989,9,10,21.33
1989,9,11,15.57
1989,9,12,2.26
1989,9,13,5.76
1989,9,14,6.46
1989,9,15,9.16
1989,9,16,9.32
1989,9,17,1.69
1989,9,18,7.95
1989,9,19,11.4
1989,9,20,11.63
1989,9,21,7.28
1989,9,22,18.01
1989,9,23,6.79
1989,9,24,2.12
1989,9,25,0.71
1989,9,26,3.61
1989,9,27,2.83
1989,9,28,14.65
1989,9,29,11.39
1989,9,30,32.13
1989,10,1,6.91
1989,10,2,5.35
1989,10,3,11.19
1989,10,4,10.63
1989,10,5,12.06
1989,10,6,13.41
1989,10,7,2.05
1989,10,8,7.17
1989,10,9,5.55
1989,10,10,1.73
1989,10,11,3.15
1989,10,12,4.64
1989,10,13,4.01
1989,10,14,4.79
1989,10,15,7.6
1989,10,16,12.4
1989,10,17,18.08
1989,10,18,14.39
1989,10,19,6.41
1989,10,20,2.04
1989,10,21,7.54
1989,10,22,20.96
1989,10,23,1.01
1989,10,24,0.01
1989,10,25,0.0
1989,10,26,0.0
1989,10,27,0.02
1989,10,28,2.48
1989,10,29,2.45
1989,10,30,3.48
1989,10,31,2.43
1989,11,1,3.24
1989,11,2,0.17
1989,11,3,0.01
1989,11,4,0.0
1989,11,5,0.0
1989,11,6,0.17
1989,11,7,0.13
1989,11,8,0.19
1989,11,9,0.3
1989,11,10,0.63
1989,11,11,0.31
1989,11,12,0.0
1989,11,13,0.0
1989,11,14,0.0
1989,11,15,0.0
1989,11,16,0.0
1989,11,17,0.0
1989,11,18,0.0
1989,11,19,0.0
1989,11,20,0.0
1989,11,21,0.0
1989,11,22,0.01
1989,11,23,0.01
1989,11,24,0.0
1989,11,25,0.0
1989,11,26,0.0
1989,11,27,0.0
1989,11,28,0.01
1989,11,29,0.03
1989,11,30,0.0
1989,12,1,0.0
1989,12,2,0.0
1989,12,3,0.0
1989,12,4,0.0
1989,12,5,0.0
1989,12,6,0.0
1989,12,7,0.0
1989,12,8,0.0
1989,12,9,0.0
1989,12,10,0.0
1989,12,11,0.0
1989,12,12,0.0
1989,12,13,0.0
1989,12,14,0.0
1989,12,15,0.0
1989,12,16,0.0
1989,12,17,0.0
1989,12,18,0.0
1989,12,19,0.0
1989,12,20,0.0
1989,12,21,0.0
1989,12,22,0.0
1989,12,23,0.0
1989,12,24,0.01
1989,12,25,0.0
1989,12,26,0.0
1989,12,27,0.07
1989,12,28,0.05
1989,12,29,0.02
1989,12,30,0.0
1989,12,31,0.0
1990,1,1,0.03
1990,1,2,0.04
1990,1,3,0.02
1990,1,4,0.0
1990,1,5,0.0
1990,1,6,0.0
1990,1,7,0.0
1990,1,8,0.0
1990,1,9,0.0
1990,1,10,0.0
1990,1,11,0.0
1990,1,12,0.0
1990,1,13,0.0
1990,1,14,0.0
1990,1,15,0.0
1990,1,16,0.0
1990,1,17,0.0
1990,1,18,0.0
1990,1,19,0.0
1990,1,20,0.1
1990,1,21,0.05
1990,1,22,0.06
1990,1,23,0.08
1990,1,24,0.05
1990,1,25,0.03
1990,1,26,1.13
1990,1,27,0.0
1990,1,28,0.0
1990,1,29,0.0
1990,1,30,0.0
1990,1,31,0.0
1990,2,1,0.0
1990,2,2,0.0
1990,2,3,0.0
1990,2,4,0.0
1990,2,5,0.0
1990,2,6,0.0
1990,2,7,0.0
1990,2,8,0.0
1990,2,9,5.74
1990,2,10,3.08
1990,2,11,0.0
1990,2,12,0.0
1990,2,13,0.0
1990,2,14,0.0
1990,2,15,0.0
1990,2,16,0.0
1990,2,17,0.02
1990,2,18,0.34
1990,2,19,0.23
1990,2,20,0.0
1990,2,21,0.0
1990,2,22,0.0
1990,2,23,0.0
1990,2,24,0.0
1990,2,25,0.0
1990,2,26,0.0
1990,2,27,0.0
1990,2,28,0.0
1990,3,1,0.0
1990,3,2,0.0
1990,3,3,0.03
1990,3,4,0.1
1990,3,5,0.3
1990,3,6,0.34
1990,3,7,0.19
1990,3,8,0.0
1990,3,9,0.0
1990,3,10,0.0
1990,3,11,0.0
1990,3,12,0.0
1990,3,13,0.0
1990,3,14,0.0
1990,3,15,0.01
1990,3,16,0.0
1990,3,17,0.0
1990,3,18,0.01
1990,3,19,0.0
1990,3,20,0.0
1990,3,21,0.0
1990,3,22,0.0
1990,3,23,0.0
1990,3,24,0.0
1990,3,25,0.0
1990,3,26,0.0
1990,3,27,0.04
1990,3,28,0.18
1990,3,29,0.29
1990,3,30,0.87
1990,3,31,0.37
1990,4,1,1.17
1990,4,2,0.63
1990,4,3,1.37
1990,4,4,0.16
1990,4,5,1.34
1990,4,6,5.75
1990,4,7,3.05
1990,4,8,2.21
1990,4,9,1.34
1990,4,10,2.77
1990,4,11,1.0
1990,4,12,0.64
1990,4,13,0.87
1990,4,14,1.29
1990,4,15,1.34
1990,4,16,2.01
1990,4,17,1.81
1990,4,18,2.86
1990,4,19,4.78
1990,4,20,2.31
1990,4,21,4.13
1990,4,22,8.35
1990,4,23,4.48
1990,4,24,6.07
1990,4,25,7.17
1990,4,26,2.72
1990,4,27,4.02
1990,4,28,4.32
1990,4,29,3.76
1990,4,30,5.78
1990,5,1,3.9
1990,5,2,8.22
1990,5,3,15.71
1990,5,4,19.41
1990,5,5,9.91
1990,5,6,11.38
1990,5,7,11.02
1990,5,8,6.69
1990,5,9,6.26
1990,5,10,3.31
1990,5,11,3.54
1990,5,12,8.3
1990,5,13,13.8
1990,5,14,9.04
1990,5,15,5.79
1990,5,16,3.39
1990,5,17,4.1
1990,5,18,2.56
1990,5,19,6.04
1990,5,20,4.3
1990,5,21,12.68
1990,5,22,8.53
1990,5,23,3.87
1990,5,24,2.57
1990,5,25,3.99
1990,5,26,3.69
1990,5,27,6.1
1990,5,28,3.1
1990,5,29,4.85
1990,5,30,3.35
1990,5,31,5.55
1990,6,1,3.11
1990,6,2,3.24
1990,6,3,3.59
1990,6,4,2.3
1990,6,5,1.02
1990,6,6,0.55
1990,6,7,1.36
1990,6,8,1.01
1990,6,9,0.45
1990,6,10,4.44
1990,6,11,4.33
1990,6,12,4.74
1990,6,13,21.24
1990,6,14,4.64
1990,6,15,4.8
1990,6,16,20.05
1990,6,17,9.8
1990,6,18,6.79
1990,6,19,4.77
1990,6,20,9.55
1990,6,21,2.72
1990,6,22,5.43
1990,6,23,2.47
1990,6,24,4.59
1990,6,25,10.69
1990,6,26,13.46
1990,6,27,5.17
1990,6,28,6.5
1990,6,29,2.9
1990,6,30,2.06
1990,7,1,2.64
1990,7,2,2.25
1990,7,3,3.05
1990,7,4,2.5
1990,7,5,9.32
1990,7,6,3.47
1990,7,7,4.78
1990,7,8,8.0
1990,7,9,2.66
1990,7,10,4.2
1990,7,11,5.29
1990,7,12,14.13
1990,7,13,5.72
1990,7,14,7.86
1990,7,15,4.66
1990,7,16,5.86
1990,7,17,4.84
1990,7,18,4.09
1990,7,19,7.2
1990,7,20,1.78
1990,7,21,1.36
1990,7,22,6.85
1990,7,23,7.54
1990,7,24,1.24
1990,7,25,3.26
1990,7,26,5.6
1990,7,27,9.74
1990,7,28,4.27
1990,7,29,1.14
1990,7,30,5.27
1990,7,31,5.09
1990,8,1,7.58
1990,8,2,2.02
1990,8,3,2.87
1990,8,4,4.82
1990,8,5,1.82
1990,8,6,4.85
1990,8,7,6.54
1990,8,8,9.21
1990,8,9,4.72
1990,8,10,3.22
1990,8,11,2.86
1990,8,12,4.25
1990,8,13,8.48
1990,8,14,12.27
1990,8,15,3.89
1990,8,16,1.84
1990,8,17,2.67
1990,8,18,3.95
1990,8,19,7.0
1990,8,20,7.34
1990,8,21,4.93
1990,8,22,2.65
1990,8,23,5.12
1990,8,24,2.52
1990,8,25,3.46
1990,8,26,2.48
1990,8,27,3.4
1990,8,28,2.1
1990,8,29,6.59
1990,8,30,5.9
1990,8,31,2.43
1990,9,1,10.31
1990,9,2,11.61
1990,9,3,4.82
1990,9,4,6.88
1990,9,5,3.04
1990,9,6,1.88
1990,9,7,2.61
1990,9,8,4.51
1990,9,9,3.46
1990,9,10,3.93
1990,9,11,7.98
1990,9,12,5.37
1990,9,13,4.72
1990,9,14,7.31
1990,9,15,8.6
1990,9,16,5.04
1990,9,17,2.84
1990,9,18,4.89
1990,9,19,6.38
1990,9,20,7.42
1990,9,21,4.06
1990,9,22,1.65
1990,9,23,10.94
1990,9,24,3.72
1990,9,25,9.06
1990,9,26,4.55
1990,9,27,4.81
1990,9,28,20.03
1990,9,29,16.92
1990,9,30,10.5
1990,10,1,26.26
1990,10,2,8.66
1990,10,3,21.78
1990,10,4,20.76
1990,10,5,4.95
1990,10,6,15.17
1990,10,7,12.4
1990,10,8,7.42
1990,10,9,3.63
1990,10,10,3.92
1990,10,11,6.43
1990,10,12,6.1
1990,10,13,8.67
1990,10,14,35.12
1990,10,15,8.02
1990,10,16,0.44
1990,10,17,5.98
1990,10,18,4.11
1990,10,19,1.21
1990,10,20,1.31
1990,10,21,3.1
1990,10,22,1.46
1990,10,23,2.33
1990,10,24,3.9
1990,10,25,3.27
1990,10,26,4.25
1990,10,27,1.68
1990,10,28,3.45
1990,10,29,2.79
1990,10,30,2.48
1990,10,31,1.82
1990,11,1,2.77
1990,11,2,1.41
1990,11,3,1.92
1990,11,4,1.48
1990,11,5,2.03
1990,11,6,1.66
1990,11,7,3.03
1990,11,8,9.81
1990,11,9,9.12
1990,11,10,3.87
1990,11,11,6.82
1990,11,12,4.54
1990,11,13,1.94
1990,11,14,3.16
1990,11,15,1.46
1990,11,16,3.05
1990,11,17,0.08
1990,11,18,1.09
1990,11,19,0.17
1990,11,20,0.45
1990,11,21,0.05
1990,11,22,0.12
1990,11,23,0.37
1990,11,24,1.81
1990,11,25,0.74
1990,11,26,1.92
1990,11,27,1.31
1990,11,28,0.95
1990,11,29,0.63
1990,11,30,0.72
1990,12,1,0.55
1990,12,2,0.09
1990,12,3,0.06
1990,12,4,0.14
1990,12,5,0.01
1990,12,6,0.09
1990,12,7,0.85
1990,12,8,2.34
1990,12,9,1.63
1990,12,10,1.71
1990,12,11,1.92
1990,12,12,0.61
1990,12,13,0.35
1990,12,14,1.93
1990,12,15,2.0
1990,12,16,1.64
1990,12,17,0.22
1990,12,18,0.04
1990,12,19,0.11
1990,12,20,0.24
1990,12,21,0.48
1990,12,22,2.81
1990,12,23,3.48
1990,12,24,2.13
1990,12,25,0.45
1990,12,26,0.34
1990,12,27,1.44
1990,12,28,0.95
1990,12,29,0.87
1990,12,30,0.01
1990,12,31,0.0
1991,1,1,0.0
1991,1,2,0.59
1991,1,3,0.07
1991,1,4,0.26
1991,1,5,0.0
1991,1,6,0.0
1991,1,7,0.0
1991,1,8,0.0
1991,1,9,0.0
1991,1,10,0.0
1991,1,11,0.0
1991,1,12,0.0
1991,1,13,0.0
1991,1,14,0.0
1991,1,15,0.0
1991,1,16,0.0
1991,1,17,0.0
1991,1,18,0.0
1991,1,19,0.0
1991,1,20,0.0
1991,1,21,0.0
1991,1,22,0.0
1991,1,23,0.0
1991,1,24,0.0
1991,1,25,0.0
1991,1,26,0.0
1991,1,27,0.0
1991,1,28,0.0
1991,1,29,0.0
1991,1,30,0.0
1991,1,31,0.0
1991,2,1,0.0
1991,2,2,0.0
1991,2,3,0.0
1991,2,4,0.0
1991,2,5,0.0
1991,2,6,0.0
1991,2,7,0.0
1991,2,8,0.0
1991,2,9,0.0
1991,2,10,0.0
1991,2,11,0.0
1991,2,12,0.0
1991,2,13,0.0
1991,2,14,0.0
1991,2,15,0.02
1991,2,16,0.02
1991,2,17,0.02
1991,2,18,0.01
1991,2,19,0.01
1991,2,20,0.41
1991,2,21,0.3
1991,2,22,0.5
1991,2,23,0.88
1991,2,24,0.48
1991,2,25,2.79
1991,2,26,1.9
1991,2,27,7.67
1991,2,28,1.24
1991,3,1,4.09
1991,3,2,0.43
1991,3,3,0.0
1991,3,4,0.04
1991,3,5,0.11
1991,3,6,0.04
1991,3,7,0.0
1991,3,8,0.0
1991,3,9,0.0
1991,3,10,0.0
1991,3,11,0.0
1991,3,12,2.12
1991,3,13,1.24
1991,3,14,2.06
1991,3,15,5.64
1991,3,16,0.16
1991,3,17,2.15
1991,3,18,1.73
1991,3,19,2.08
1991,3,20,0.11
1991,3,21,1.66
1991,3,22,0.15
1991,3,23,0.09
1991,3,24,0.07
1991,3,25,0.05
1991,3,26,0.11
1991,3,27,0.12
1991,3,28,0.05
1991,3,29,0.12
1991,3,30,0.22
1991,3,31,0.3
1991,4,1,4.88
1991,4,2,3.37
1991,4,3,7.35
1991,4,4,4.11
1991,4,5,3.2
1991,4,6,2.57
1991,4,7,3.63
1991,4,8,3.85
1991,4,9,22.6
1991,4,10,1.7
1991,4,11,4.15
1991,4,12,1.51
1991,4,13,7.01
1991,4,14,8.52
1991,4,15,3.88
1991,4,16,2.01
1991,4,17,2.3
1991,4,18,2.76
1991,4,19,1.84
1991,4,20,2.25
1991,4,21,2.7
1991,4,22,2.17
1991,4,23,5.07
1991,4,24,3.93
1991,4,25,2.55
1991,4,26,9.09
1991,4,27,5.97
1991,4,28,7.87
1991,4,29,4.32
1991,4,30,6.83
1991,5,1,11.85
1991,5,2,5.92
1991,5,3,7.05
1991,5,4,9.53
1991,5,5,6.98
1991,5,6,0.79
1991,5,7,2.52
1991,5,8,1.23
1991,5,9,2.74
1991,5,10,2.55
1991,5,11,3.48
1991,5,12,6.58
1991,5,13,5.47
1991,5,14,2.72
1991,5,15,3.59
1991,5,16,5.78
1991,5,17,9.0
1991,5,18,5.13
1991,5,19,5.72
1991,5,20,5.82
1991,5,21,5.61
1991,5,22,4.42
1991,5,23,7.03
1991,5,24,23.62
1991,5,25,13.69
1991,5,26,0.64
1991,5,27,12.95
1991,5,28,21.35
1991,5,29,8.19
1991,5,30,1.93
1991,5,31,2.26
1991,6,1,2.01
1991,6,2,2.56
1991,6,3,1.5
1991,6,4,0.69
1991,6,5,2.7
1991,6,6,5.62
1991,6,7,3.49
1991,6,8,3.18
1991,6,9,1.49
1991,6,10,5.07
1991,6,11,9.24
1991,6,12,8.25
1991,6,13,16.45
1991,6,14,10.2
1991,6,15,11.73
1991,6,16,9.23
1991,6,17,7.38
1991,6,18,5.9
1991,6,19,18.12
1991,6,20,4.92
1991,6,21,7.37
1991,6,22,8.73
1991,6,23,6.78
1991,6,24,2.15
1991,6,25,5.03
1991,6,26,4.34
1991,6,27,5.58
1991,6,28,7.55
1991,6,29,4.63
1991,6,30,13.83
1991,7,1,14.83
1991,7,2,8.85
1991,7,3,11.07
1991,7,4,13.52
1991,7,5,5.32
1991,7,6,5.54
1991,7,7,2.33
1991,7,8,7.9
1991,7,9,6.44
1991,7,10,4.04
1991,7,11,4.11
1991,7,12,7.53
1991,7,13,15.86
1991,7,14,13.51
1991,7,15,14.37
1991,7,16,3.01
1991,7,17,4.13
1991,7,18,17.79
1991,7,19,22.7
1991,7,20,2.54
1991,7,21,6.46
1991,7,22,4.05
1991,7,23,2.63
1991,7,24,4.62
1991,7,25,8.72
1991,7,26,6.87
1991,7,27,9.53
1991,7,28,3.72
1991,7,29,5.76
1991,7,30,12.74
1991,7,31,2.6
1991,8,1,2.21
1991,8,2,1.25
1991,8,3,0.86
1991,8,4,6.08
1991,8,5,1.77
1991,8,6,4.85
1991,8,7,2.88
1991,8,8,2.91
1991,8,9,5.53
1991,8,10,4.58
1991,8,11,11.53
1991,8,12,9.28
1991,8,13,11.12
1991,8,14,2.04
1991,8,15,2.79
1991,8,16,11.09
1991,8,17,3.07
1991,8,18,5.28
1991,8,19,9.74
1991,8,20,5.54
1991,8,21,5.91
1991,8,22,4.13
1991,8,23,5.8
1991,8,24,5.43
1991,8,25,7.63
1991,8,26,3.09
1991,8,27,5.74
1991,8,28,6.02
1991,8,29,1.69
1991,8,30,0.47
1991,8,31,6.04
1991,9,1,0.95
1991,9,2,2.11
1991,9,3,12.84
1991,9,4,6.01
1991,9,5,8.16
1991,9,6,2.01
1991,9,7,6.11
1991,9,8,3.09
1991,9,9,1.45
1991,9,10,3.55
1991,9,11,6.77
1991,9,12,9.01
1991,9,13,4.97
1991,9,14,3.24
1991,9,15,3.41
1991,9,16,3.13
1991,9,17,3.51
1991,9,18,4.44
1991,9,19,4.48
1991,9,20,4.8
1991,9,21,5.46
1991,9,22,5.63
1991,9,23,7.79
1991,9,24,2.45
1991,9,25,4.32
1991,9,26,4.53
1991,9,27,1.95
1991,9,28,3.93
1991,9,29,12.46
1991,9,30,8.68
1991,10,1,6.03
1991,10,2,12.6
1991,10,3,7.97
1991,10,4,1.19
1991,10,5,7.15
1991,10,6,10.96
1991,10,7,4.52
1991,10,8,1.65
1991,10,9,1.21
1991,10,10,1.12
1991,10,11,0.55
1991,10,12,0.64
1991,10,13,1.94
1991,10,14,4.81
1991,10,15,6.19
1991,10,16,5.96
1991,10,17,3.47
1991,10,18,1.62
1991,10,19,1.12
1991,10,20,1.35
1991,10,21,2.91
1991,10,22,1.89
1991,10,23,1.38
1991,10,24,2.15
1991,10,25,0.56
1991,10,26,0.87
1991,10,27,1.68
1991,10,28,0.94
1991,10,29,5.44
1991,10,30,3.52
1991,10,31,1.83
1991,11,1,0.96
1991,11,2,1.58
1991,11,3,1.28
1991,11,4,0.47
1991,11,5,0.78
1991,11,6,0.26
1991,11,7,0.09
1991,11,8,0.56
1991,11,9,0.32
1991,11,10,0.04
1991,11,11,0.04
1991,11,12,0.07
1991,11,13,2.93
1991,11,14,4.86
1991,11,15,0.82
1991,11,16,1.76
1991,11,17,0.01
1991,11,18,0.0
1991,11,19,0.0
1991,11,20,0.0
1991,11,21,0.0
1991,11,22,0.24
1991,11,23,2.35
1991,11,24,2.73
1991,11,25,1.64
1991,11,26,0.7
1991,11,27,0.0
1991,11,28,0.0
1991,11,29,0.0
1991,11,30,0.0
1991,12,1,0.0
1991,12,2,0.0
1991,12,3,0.0
1991,12,4,0.0
1991,12,5,0.0
1991,12,6,0.0
1991,12,7,0.01
1991,12,8,0.0
1991,12,9,0.0
1991,12,10,0.03
1991,12,11,0.0
1991,12,12,0.0
1991,12,13,0.0
1991,12,14,0.0
1991,12,15,0.0
1991,12,16,0.0
1991,12,17,0.0
1991,12,18,0.0
1991,12,19,0.0
1991,12,20,0.0
1991,12,21,0.0
1991,12,22,0.0
1991,12,23,0.0
1991,12,24,0.01
1991,12,25,0.0
1991,12,26,0.0
1991,12,27,0.0
1991,12,28,0.0
1991,12,29,0.0
1991,12,30,0.0
1991,12,31,0.0
1992,1,1,0.0
1992,1,2,0.0
1992,1,3,0.0
1992,1,4,0.0
1992,1,5,0.0
1992,1,6,0.0
1992,1,7,0.0
1992,1,8,0.0
1992,1,9,0.0
1992,1,10,0.0
1992,1,11,0.0
1992,1,12,0.0
1992,1,13,0.0
1992,1,14,0.0
1992,1,15,0.0
1992,1,16,0.0
1992,1,17,0.0
1992,1,18,0.0
1992,1,19,0.0
1992,1,20,0.0
1992,1,21,0.0
1992,1,22,0.01
1992,1,23,0.0
1992,1,24,0.0
1992,1,25,0.0
1992,1,26,0.0
1992,1,27,0.05
1992,1,28,0.01
1992,1,29,0.03
1992,1,30,0.07
1992,1,31,0.0
1992,2,1,0.0
1992,2,2,0.0
1992,2,3,0.0
1992,2,4,0.0
1992,2,5,0.0
1992,2,6,0.0
1992,2,7,0.0
1992,2,8,0.0
1992,2,9,0.0
1992,2,10,0.0
1992,2,11,0.0
1992,2,12,0.0
1992,2,13,0.0
1992,2,14,0.0
1992,2,15,0.0
1992,2,16,0.0
1992,2,17,0.0
1992,2,18,0.0
1992,2,19,0.0
1992,2,20,0.0
1992,2,21,0.0
1992,2,22,0.0
1992,2,23,0.0
1992,2,24,0.0
1992,2,25,0.0
1992,2,26,0.0
1992,2,27,0.0
1992,2,28,0.0
1992,2,29,0.0
1992,3,1,0.0
1992,3,2,0.0
1992,3,3,0.0
1992,3,4,0.0
1992,3,5,0.0
1992,3,6,0.0
1992,3,7,0.81
1992,3,8,3.74
1992,3,9,5.7
1992,3,10,5.41
1992,3,11,2.91
1992,3,12,0.5
1992,3,13,0.91
1992,3,14,0.9
1992,3,15,1.12
1992,3,16,1.65
1992,3,17,2.16
1992,3,18,1.58
1992,3,19,1.36
1992,3,20,1.84
1992,3,21,7.13
1992,3,22,0.99
1992,3,23,0.04
1992,3,24,0.4
1992,3,25,0.6
1992,3,26,0.82
1992,3,27,1.47
1992,3,28,2.16
1992,3,29,0.83
1992,3,30,0.55
1992,3,31,2.09
1992,4,1,0.86
1992,4,2,0.46
1992,4,3,1.99
1992,4,4,0.22
1992,4,5,0.36
1992,4,6,6.35
1992,4,7,4.31
1992,4,8,8.73
1992,4,9,8.21
1992,4,10,12.05
1992,4,11,7.36
1992,4,12,14.42
1992,4,13,9.2
1992,4,14,6.64
1992,4,15,8.55
1992,4,16,14.28
1992,4,17,9.66
1992,4,18,6.63
1992,4,19,2.75
1992,4,20,5.3
1992,4,21,0.79
1992,4,22,0.54
1992,4,23,0.37
1992,4,24,0.24
1992,4,25,0.5
1992,4,26,0.93
1992,4,27,1.25
1992,4,28,0.26
1992,4,29,0.6
1992,4,30,0.25
1992,5,1,4.14
1992,5,2,3.44
1992,5,3,3.57
1992,5,4,5.36
1992,5,5,3.64
1992,5,6,3.98
1992,5,7,5.71
1992,5,8,2.52
1992,5,9,6.7
1992,5,10,13.96
1992,5,11,6.24
1992,5,12,10.36
1992,5,13,6.27
1992,5,14,4.54
1992,5,15,5.33
1992,5,16,3.87
1992,5,17,2.23
1992,5,18,1.76
1992,5,19,2.19
1992,5,20,1.83
1992,5,21,6.7
1992,5,22,3.58
1992,5,23,2.73
1992,5,24,6.36
1992,5,25,6.29
1992,5,26,7.57
1992,5,27,10.94
1992,5,28,6.91
1992,5,29,4.27
1992,5,30,11.18
1992,5,31,3.44
1992,6,1,2.56
1992,6,2,5.07
1992,6,3,3.63
1992,6,4,2.45
1992,6,5,2.93
1992,6,6,2.83
1992,6,7,2.36
1992,6,8,2.38
1992,6,9,1.28
1992,6,10,9.66
1992,6,11,7.69
1992,6,12,6.68
1992,6,13,5.84
1992,6,14,14.79
1992,6,15,3.0
1992,6,16,3.65
1992,6,17,6.34
1992,6,18,6.7
1992,6,19,4.64
1992,6,20,4.03
1992,6,21,6.41
1992,6,22,5.22
1992,6,23,2.78
1992,6,24,3.62
1992,6,25,21.62
1992,6,26,12.39
1992,6,27,28.25
1992,6,28,19.01
1992,6,29,13.76
1992,6,30,3.75
1992,7,1,12.86
1992,7,2,7.52
1992,7,3,5.32
1992,7,4,8.14
1992,7,5,6.82
1992,7,6,14.47
1992,7,7,10.79
1992,7,8,11.26
1992,7,9,6.87
1992,7,10,9.79
1992,7,11,10.93
1992,7,12,8.85
1992,7,13,13.94
1992,7,14,26.84
1992,7,15,3.01
1992,7,16,3.61
1992,7,17,3.56
1992,7,18,4.29
1992,7,19,10.57
1992,7,20,14.85
1992,7,21,3.98
1992,7,22,9.28
1992,7,23,13.79
1992,7,24,15.23
1992,7,25,11.72
1992,7,26,15.37
1992,7,27,22.17
1992,7,28,10.24
1992,7,29,17.17
1992,7,30,2.27
1992,7,31,4.81
1992,8,1,1.64
1992,8,2,1.79
1992,8,3,2.03
1992,8,4,11.24
1992,8,5,10.56
1992,8,6,10.6
1992,8,7,10.38
1992,8,8,5.12
1992,8,9,4.43
1992,8,10,6.99
1992,8,11,9.22
1992,8,12,6.57
1992,8,13,6.59
1992,8,14,2.47
1992,8,15,4.01
1992,8,16,4.23
1992,8,17,3.68
1992,8,18,4.37
1992,8,19,3.68
1992,8,20,4.89
1992,8,21,3.69
1992,8,22,0.66
1992,8,23,1.5
1992,8,24,8.83
1992,8,25,8.44
1992,8,26,10.21
1992,8,27,5.07
1992,8,28,4.54
1992,8,29,10.3
1992,8,30,8.75
1992,8,31,8.88
1992,9,1,19.0
1992,9,2,14.58
1992,9,3,8.19
1992,9,4,8.33
1992,9,5,9.43
1992,9,6,11.09
1992,9,7,22.72
1992,9,8,4.18
1992,9,9,6.37
1992,9,10,6.05
1992,9,11,5.81
1992,9,12,6.05
1992,9,13,7.48
1992,9,14,13.88
1992,9,15,7.37
1992,9,16,14.46
1992,9,17,10.36
1992,9,18,9.98
1992,9,19,3.26
1992,9,20,8.78
1992,9,21,9.08
1992,9,22,6.97
1992,9,23,4.52
1992,9,24,4.16
1992,9,25,5.13
1992,9,26,8.99
1992,9,27,7.51
1992,9,28,7.74
1992,9,29,7.93
1992,9,30,18.5
1992,10,1,2.68
1992,10,2,4.29
1992,10,3,3.35
1992,10,4,3.21
1992,10,5,3.65
1992,10,6,4.97
1992,10,7,5.16
1992,10,8,17.35
1992,10,9,11.32
1992,10,10,13.54
1992,10,11,10.51
1992,10,12,6.73
1992,10,13,3.03
1992,10,14,6.69
1992,10,15,5.73
1992,10,16,9.89
1992,10,17,3.13
1992,10,18,2.63
1992,10,19,4.73
1992,10,20,3.14
1992,10,21,3.81
1992,10,22,2.55
1992,10,23,5.86
1992,10,24,6.04
1992,10,25,4.39
1992,10,26,6.25
1992,10,27,16.75
1992,10,28,2.64
1992,10,29,3.25
1992,10,30,0.94
1992,10,31,1.3
1992,11,1,1.82
1992,11,2,0.35
1992,11,3,0.38
1992,11,4,0.31
1992,11,5,0.6
1992,11,6,1.21
1992,11,7,2.53
1992,11,8,1.46
1992,11,9,2.61
1992,11,10,0.53
1992,11,11,2.0
1992,11,12,4.64
1992,11,13,0.04
1992,11,14,0.0
1992,11,15,0.0
1992,11,16,0.0
1992,11,17,0.0
1992,11,18,0.0
1992,11,19,0.03
1992,11,20,0.03
1992,11,21,0.0
1992,11,22,0.0
1992,11,23,0.0
1992,11,24,0.0
1992,11,25,0.0
1992,11,26,0.0
1992,11,27,0.0
1992,11,28,0.0
1992,11,29,0.0
1992,11,30,0.0
1992,12,1,0.0
1992,12,2,0.0
1992,12,3,0.0
1992,12,4,0.0
1992,12,5,0.0
1992,12,6,0.0
1992,12,7,0.0
1992,12,8,0.0
1992,12,9,0.0
1992,12,10,0.0
1992,12,11,0.0
1992,12,12,0.0
1992,12,13,0.0
1992,12,14,0.0
1992,12,15,0.0
1992,12,16,0.0
1992,12,17,0.0
1992,12,18,0.0
1992,12,19,0.0
1992,12,20,0.0
1992,12,21,0.0
1992,12,22,0.0
1992,12,23,0.0
1992,12,24,0.0
1992,12,25,0.0
1992,12,26,0.0
1992,12,27,0.0
1992,12,28,0.0
1992,12,29,0.02
1992,12,30,0.03
1992,12,31,0.0
1993,1,1,0.0
1993,1,2,0.0
1993,1,3,0.0
1993,1,4,0.0
1993,1,5,0.01
1993,1,6,0.05
1993,1,7,0.0
1993,1,8,0.0
1993,1,9,0.0
1993,1,10,0.0
1993,1,11,0.0
1993,1,12,0.0
1993,1,13,0.0
1993,1,14,0.0
1993,1,15,0.0
1993,1,16,0.0
1993,1,17,0.0
1993,1,18,0.0
1993,1,19,0.0
1993,1,20,0.0
1993,1,21,0.0
1993,1,22,0.0
1993,1,23,0.0
1993,1,24,0.0
1993,1,25,0.0
1993,1,26,0.0
1993,1,27,0.0
1993,1,28,0.0
1993,1,29,0.0
1993,1,30,0.0
1993,1,31,0.0
1993,2,1,0.0
1993,2,2,0.0
1993,2,3,0.03
1993,2,4,0.06
1993,2,5,0.0
1993,2,6,0.0
1993,2,7,0.0
1993,2,8,0.0
1993,2,9,0.0
1993,2,10,0.0
1993,2,11,0.0
1993,2,12,0.0
1993,2,13,0.0
1993,2,14,0.01
1993,2,15,1.05
1993,2,16,0.46
1993,2,17,1.19
1993,2,18,0.82
1993,2,19,0.64
1993,2,20,0.0
1993,2,21,0.0
1993,2,22,0.0
1993,2,23,0.0
1993,2,24,0.38
1993,2,25,0.0
1993,2,26,0.0
1993,2,27,0.0
1993,2,28,0.0
1993,3,1,0.0
1993,3,2,1.01
1993,3,3,0.62
1993,3,4,0.64
1993,3,5,1.36
1993,3,6,1.07
1993,3,7,3.12
1993,3,8,2.28
1993,3,9,2.57
1993,3,10,0.97
1993,3,11,4.02
1993,3,12,3.07
1993,3,13,3.97
1993,3,14,6.75
1993,3,15,4.24
1993,3,16,2.02
1993,3,17,0.34
1993,3,18,0.91
1993,3,19,0.3
1993,3,20,0.0
1993,3,21,0.0
1993,3,22,0.0
1993,3,23,0.0
1993,3,24,0.0
1993,3,25,0.1
1993,3,26,0.34
1993,3,27,0.69
1993,3,28,1.1
1993,3,29,0.85
1993,3,30,0.91
1993,3,31,1.06
1993,4,1,2.29
1993,4,2,1.45
1993,4,3,1.6
1993,4,4,0.81
1993,4,5,3.15
1993,4,6,0.76
1993,4,7,0.57
1993,4,8,0.15
1993,4,9,0.61
1993,4,10,0.41
1993,4,11,1.65
1993,4,12,1.82
1993,4,13,2.32
1993,4,14,4.4
1993,4,15,3.3
1993,4,16,2.43
1993,4,17,7.05
1993,4,18,1.93
1993,4,19,1.71
1993,4,20,3.37
1993,4,21,2.01
1993,4,22,1.59
1993,4,23,0.75
1993,4,24,2.31
1993,4,25,1.47
1993,4,26,10.0
1993,4,27,8.9
1993,4,28,10.49
1993,4,29,6.6
1993,4,30,6.57
1993,5,1,8.8
1993,5,2,7.01
1993,5,3,8.15
1993,5,4,8.9
1993,5,5,5.25
1993,5,6,8.59
1993,5,7,5.46
1993,5,8,7.88
1993,5,9,5.41
1993,5,10,5.78
1993,5,11,8.27
1993,5,12,12.59
1993,5,13,9.88
1993,5,14,12.73
1993,5,15,6.22
1993,5,16,2.71
1993,5,17,1.55
1993,5,18,1.83
1993,5,19,1.31
1993,5,20,1.71
1993,5,21,4.51
1993,5,22,3.33
1993,5,23,4.86
1993,5,24,4.87
1993,5,25,4.99
1993,5,26,5.49
1993,5,27,5.72
1993,5,28,6.27
1993,5,29,5.21
1993,5,30,14.31
1993,5,31,8.17
1993,6,1,4.63
1993,6,2,8.56
1993,6,3,13.08
1993,6,4,11.82
1993,6,5,2.95
1993,6,6,5.71
1993,6,7,5.92
1993,6,8,4.63
1993,6,9,5.4
1993,6,10,7.23
1993,6,11,9.43
1993,6,12,5.94
1993,6,13,3.72
1993,6,14,13.42
1993,6,15,6.96
1993,6,16,24.16
1993,6,17,3.53
1993,6,18,6.38
1993,6,19,4.92
1993,6,20,13.82
1993,6,21,22.24
1993,6,22,22.77
1993,6,23,10.31
1993,6,24,3.99
1993,6,25,3.3
1993,6,26,4.39
1993,6,27,8.69
1993,6,28,4.09
1993,6,29,2.97
1993,6,30,4.72
1993,7,1,5.02
1993,7,2,6.71
1993,7,3,4.31
1993,7,4,7.02
1993,7,5,6.38
1993,7,6,3.07
1993,7,7,6.43
1993,7,8,8.35
1993,7,9,11.21
1993,7,10,1.48
1993,7,11,4.07
1993,7,12,3.43
1993,7,13,2.91
1993,7,14,4.27
1993,7,15,10.73
1993,7,16,15.36
1993,7,17,13.85
1993,7,18,5.89
1993,7,19,10.07
1993,7,20,22.92
1993,7,21,8.12
1993,7,22,9.5
1993,7,23,9.69
1993,7,24,5.37
1993,7,25,14.38
1993,7,26,6.36
1993,7,27,9.32
1993,7,28,13.71
1993,7,29,22.61
1993,7,30,17.5
1993,7,31,12.66
1993,8,1,4.55
1993,8,2,8.8
1993,8,3,12.92
1993,8,4,8.69
1993,8,5,4.26
1993,8,6,1.41
1993,8,7,1.91
1993,8,8,6.41
1993,8,9,11.29
1993,8,10,5.75
1993,8,11,10.48
1993,8,12,6.63
1993,8,13,10.24
1993,8,14,7.01
1993,8,15,6.81
1993,8,16,7.9
1993,8,17,8.96
1993,8,18,12.5
1993,8,19,10.14
1993,8,20,3.34
1993,8,21,6.23
1993,8,22,6.87
1993,8,23,13.57
1993,8,24,1.17
1993,8,25,1.2
1993,8,26,2.05
1993,8,27,1.66
1993,8,28,2.5
1993,8,29,14.17
1993,8,30,13.12
1993,8,31,9.75
1993,9,1,20.14
1993,9,2,2.91
1993,9,3,5.78
1993,9,4,8.05
1993,9,5,9.96
1993,9,6,6.47
1993,9,7,5.41
1993,9,8,5.38
1993,9,9,10.09
1993,9,10,12.1
1993,9,11,7.01
1993,9,12,8.7
1993,9,13,7.21
1993,9,14,5.97
1993,9,15,8.69
1993,9,16,13.36
1993,9,17,6.94
1993,9,18,25.69
1993,9,19,45.36
1993,9,20,11.42
1993,9,21,9.22
1993,9,22,9.26
1993,9,23,6.4
1993,9,24,2.82
1993,9,25,4.47
1993,9,26,3.02
1993,9,27,7.19
1993,9,28,10.84
1993,9,29,13.43
1993,9,30,4.31
1993,10,1,4.57
1993,10,2,4.96
1993,10,3,8.38
1993,10,4,4.28
1993,10,5,2.44
1993,10,6,1.87
1993,10,7,4.89
1993,10,8,6.49
1993,10,9,2.65
1993,10,10,3.68
1993,10,11,2.14
1993,10,12,1.65
1993,10,13,2.34
1993,10,14,10.37
1993,10,15,13.52
1993,10,16,34.08
1993,10,17,1.82
1993,10,18,3.11
1993,10,19,2.79
1993,10,20,4.83
1993,10,21,2.92
1993,10,22,16.37
1993,10,23,9.23
1993,10,24,7.09
1993,10,25,3.07
1993,10,26,4.88
1993,10,27,2.07
1993,10,28,0.84
1993,10,29,1.63
1993,10,30,1.41
1993,10,31,0.82
1993,11,1,3.42
1993,11,2,0.55
1993,11,3,0.56
1993,11,4,0.29
1993,11,5,0.48
1993,11,6,0.34
1993,11,7,3.67
1993,11,8,3.31
1993,11,9,2.94
1993,11,10,4.58
1993,11,11,4.27
1993,11,12,0.29
1993,11,13,0.3
1993,11,14,0.48
1993,11,15,1.36
1993,11,16,0.56
1993,11,17,0.22
1993,11,18,0.05
1993,11,19,0.13
1993,11,20,0.12
1993,11,21,0.14
1993,11,22,0.22
1993,11,23,0.35
1993,11,24,0.57
1993,11,25,1.29
1993,11,26,1.11
1993,11,27,1.17
1993,11,28,2.29
1993,11,29,1.56
1993,11,30,0.13
1993,12,1,1.43
1993,12,2,1.1
1993,12,3,0.35
1993,12,4,0.4
1993,12,5,0.49
1993,12,6,0.22
1993,12,7,0.0
1993,12,8,0.0
1993,12,9,0.0
1993,12,10,0.0
1993,12,11,0.0
1993,12,12,0.0
1993,12,13,0.0
1993,12,14,0.0
1993,12,15,0.0
1993,12,16,0.0
1993,12,17,0.0
1993,12,18,0.0
1993,12,19,0.0
1993,12,20,0.0
1993,12,21,0.0
1993,12,22,0.0
1993,12,23,0.0
1993,12,24,0.0
1993,12,25,0.0
1993,12,26,0.0
1993,12,27,0.0
1993,12,28,0.0
1993,12,29,0.0
1993,12,30,0.0
1993,12,31,0.0
1994,1,1,0.0
1994,1,2,0.0
1994,1,3,0.0
1994,1,4,0.0
1994,1,5,0.0
1994,1,6,0.0
1994,1,7,0.0
1994,1,8,0.0
1994,1,9,0.0
1994,1,10,0.0
1994,1,11,0.0
1994,1,12,0.0
1994,1,13,0.0
1994,1,14,0.0
1994,1,15,0.0
1994,1,16,0.0
1994,1,17,0.0
1994,1,18,0.01
1994,1,19,0.0
1994,1,20,0.06
1994,1,21,0.83
1994,1,22,1.37
1994,1,23,3.31
1994,1,24,2.81
1994,1,25,2.2
1994,1,26,0.08
1994,1,27,0.05
1994,1,28,0.05
1994,1,29,0.04
1994,1,30,0.0
1994,1,31,0.0
1994,2,1,0.0
1994,2,2,0.0
1994,2,3,0.0
1994,2,4,0.14
1994,2,5,0.04
1994,2,6,0.01
1994,2,7,0.03
1994,2,8,0.06
1994,2,9,0.0
1994,2,10,0.0
1994,2,11,0.0
1994,2,12,0.0
1994,2,13,0.0
1994,2,14,0.0
1994,2,15,0.0
1994,2,16,0.0
1994,2,17,0.0
1994,2,18,0.0
1994,2,19,0.37
1994,2,20,0.0
1994,2,21,0.0
1994,2,22,0.0
1994,2,23,0.0
1994,2,24,0.0
1994,2,25,0.0
1994,2,26,0.0
1994,2,27,0.0
1994,2,28,1.54
1994,3,1,4.5
1994,3,2,0.32
1994,3,3,0.24
1994,3,4,0.51
1994,3,5,0.0
1994,3,6,0.33
1994,3,7,0.83
1994,3,8,0.89
1994,3,9,0.77
1994,3,10,1.25
1994,3,11,0.43
1994,3,12,0.71
1994,3,13,1.05
1994,3,14,0.82
1994,3,15,1.02
1994,3,16,0.66
1994,3,17,1.16
1994,3,18,1.33
1994,3,19,0.69
1994,3,20,1.29
1994,3,21,1.78
1994,3,22,0.83
1994,3,23,0.5
1994,3,24,0.96
1994,3,25,1.37
1994,3,26,0.78
1994,3,27,0.05
1994,3,28,0.01
1994,3,29,0.04
1994,3,30,0.1
1994,3,31,0.08
1994,4,1,7.72
1994,4,2,6.54
1994,4,3,6.59
1994,4,4,4.91
1994,4,5,3.52
1994,4,6,8.55
1994,4,7,1.64
1994,4,8,0.0
1994,4,9,0.0
1994,4,10,0.9
1994,4,11,7.41
1994,4,12,5.07
1994,4,13,6.32
1994,4,14,7.45
1994,4,15,3.23
1994,4,16,2.41
1994,4,17,3.33
1994,4,18,2.11
1994,4,19,2.36
1994,4,20,1.55
1994,4,21,3.87
1994,4,22,2.82
1994,4,23,3.19
1994,4,24,5.48
1994,4,25,4.55
1994,4,26,3.11
1994,4,27,7.68
1994,4,28,8.0
1994,4,29,1.41
1994,4,30,9.23
1994,5,1,8.67
1994,5,2,9.78
1994,5,3,6.57
1994,5,4,10.4
1994,5,5,2.99
1994,5,6,0.33
1994,5,7,0.17
1994,5,8,0.53
1994,5,9,1.1
1994,5,10,1.11
1994,5,11,4.86
1994,5,12,2.55
1994,5,13,1.72
1994,5,14,2.41
1994,5,15,2.74
1994,5,16,3.88
1994,5,17,4.19
1994,5,18,7.3
1994,5,19,6.1
1994,5,20,4.84
1994,5,21,3.54
1994,5,22,3.95
1994,5,23,4.16
1994,5,24,0.24
1994,5,25,2.96
1994,5,26,2.59
1994,5,27,0.79
1994,5,28,2.18
1994,5,29,2.58
1994,5,30,4.43
1994,5,31,4.63
1994,6,1,5.68
1994,6,2,3.25
1994,6,3,3.39
1994,6,4,5.29
1994,6,5,7.86
1994,6,6,1.98
1994,6,7,1.68
1994,6,8,9.92
1994,6,9,2.88
1994,6,10,11.61
1994,6,11,12.06
1994,6,12,10.27
1994,6,13,6.73
1994,6,14,5.44
1994,6,15,4.53
1994,6,16,8.95
1994,6,17,13.12
1994,6,18,16.47
1994,6,19,6.46
1994,6,20,4.24
1994,6,21,4.24
1994,6,22,3.32
1994,6,23,2.54
1994,6,24,5.39
1994,6,25,7.53
1994,6,26,5.72
1994,6,27,3.13
1994,6,28,4.69
1994,6,29,2.34
1994,6,30,3.13
1994,7,1,5.08
1994,7,2,5.15
1994,7,3,1.62
1994,7,4,6.61
1994,7,5,4.34
1994,7,6,2.48
1994,7,7,10.36
1994,7,8,14.08
1994,7,9,3.37
1994,7,10,3.73
1994,7,11,13.71
1994,7,12,20.75
1994,7,13,10.64
1994,7,14,2.08
1994,7,15,3.91
1994,7,16,4.73
1994,7,17,20.33
1994,7,18,21.93
1994,7,19,9.0
1994,7,20,14.51
1994,7,21,9.96
1994,7,22,13.28
1994,7,23,10.69
1994,7,24,1.92
1994,7,25,3.75
1994,7,26,13.94
1994,7,27,10.42
1994,7,28,9.87
1994,7,29,8.55
1994,7,30,6.66
1994,7,31,6.4
1994,8,1,4.61
1994,8,2,6.47
1994,8,3,5.28
1994,8,4,10.74
1994,8,5,14.73
1994,8,6,28.49
1994,8,7,9.17
1994,8,8,5.19
1994,8,9,11.91
1994,8,10,17.51
1994,8,11,5.84
1994,8,12,7.14
1994,8,13,6.97
1994,8,14,2.7
1994,8,15,10.68
1994,8,16,32.06
1994,8,17,14.93
1994,8,18,5.45
1994,8,19,6.31
1994,8,20,4.64
1994,8,21,10.43
1994,8,22,7.94
1994,8,23,4.29
1994,8,24,4.03
1994,8,25,13.84
1994,8,26,9.68
1994,8,27,11.11
1994,8,28,8.72
1994,8,29,5.87
1994,8,30,7.56
1994,8,31,9.39
1994,9,1,8.05
1994,9,2,6.72
1994,9,3,4.14
1994,9,4,12.72
1994,9,5,18.71
1994,9,6,7.28
1994,9,7,12.78
1994,9,8,21.83
1994,9,9,13.07
1994,9,10,4.56
1994,9,11,8.02
1994,9,12,34.81
1994,9,13,21.37
1994,9,14,11.22
1994,9,15,10.7
1994,9,16,7.09
1994,9,17,11.88
1994,9,18,6.63
1994,9,19,14.38
1994,9,20,8.84
1994,9,21,15.62
1994,9,22,2.27
1994,9,23,6.34
1994,9,24,8.99
1994,9,25,7.45
1994,9,26,9.37
1994,9,27,10.39
1994,9,28,11.26
1994,9,29,4.19
1994,9,30,13.27
1994,10,1,21.16
1994,10,2,7.72
1994,10,3,5.85
1994,10,4,1.99
1994,10,5,3.46
1994,10,6,2.31
1994,10,7,6.13
1994,10,8,6.02
1994,10,9,2.28
1994,10,10,4.2
1994,10,11,9.05
1994,10,12,11.79
1994,10,13,12.5
1994,10,14,6.6
1994,10,15,11.87
1994,10,16,6.91
1994,10,17,4.57
1994,10,18,18.18
1994,10,19,7.57
1994,10,20,5.82
1994,10,21,5.39
1994,10,22,9.62
1994,10,23,2.2
1994,10,24,3.4
1994,10,25,4.62
1994,10,26,2.78
1994,10,27,2.77
1994,10,28,18.69
1994,10,29,4.3
1994,10,30,1.27
1994,10,31,5.1
1994,11,1,2.61
1994,11,2,1.35
1994,11,3,3.5
1994,11,4,5.45
1994,11,5,4.82
1994,11,6,2.99
1994,11,7,4.18
1994,11,8,1.35
1994,11,9,0.01
1994,11,10,0.02
1994,11,11,0.15
1994,11,12,0.0
1994,11,13,0.0
1994,11,14,0.0
1994,11,15,0.0
1994,11,16,0.0
1994,11,17,0.0
1994,11,18,0.0
1994,11,19,0.0
1994,11,20,0.01
1994,11,21,0.0
1994,11,22,0.0
1994,11,23,0.0
1994,11,24,0.0
1994,11,25,0.0
1994,11,26,0.0
1994,11,27,0.0
1994,11,28,0.0
1994,11,29,0.0
1994,11,30,0.0
1994,12,1,0.0
1994,12,2,0.0
1994,12,3,0.0
1994,12,4,0.0
1994,12,5,0.0
1994,12,6,0.0
1994,12,7,0.0
1994,12,8,0.0
1994,12,9,0.0
1994,12,10,0.0
1994,12,11,0.0
1994,12,12,0.0
1994,12,13,0.0
1994,12,14,0.0
1994,12,15,0.0
1994,12,16,0.0
1994,12,17,0.0
1994,12,18,0.0
1994,12,19,0.0
1994,12,20,0.0
1994,12,21,0.0
1994,12,22,0.0
1994,12,23,0.0
1994,12,24,0.0
1994,12,25,0.0
1994,12,26,0.0
1994,12,27,0.0
1994,12,28,0.0
1994,12,29,0.0
1994,12,30,0.0
1994,12,31,0.0
1995,1,1,0.0
1995,1,2,0.0
1995,1,3,0.0
1995,1,4,0.0
1995,1,5,0.01
1995,1,6,0.0
1995,1,7,0.19
1995,1,8,0.07
1995,1,9,0.0
1995,1,10,0.02
1995,1,11,0.41
1995,1,12,0.0
1995,1,13,0.0
1995,1,14,0.0
1995,1,15,0.0
1995,1,16,0.0
1995,1,17,0.0
1995,1,18,0.0
1995,1,19,0.0
1995,1,20,0.0
1995,1,21,0.0
1995,1,22,0.0
1995,1,23,0.0
1995,1,24,0.0
1995,1,25,0.0
1995,1,26,0.0
1995,1,27,0.0
1995,1,28,0.0
1995,1,29,0.0
1995,1,30,0.0
1995,1,31,0.0
1995,2,1,0.0
1995,2,2,0.0
1995,2,3,0.0
1995,2,4,0.0
1995,2,5,0.0
1995,2,6,0.0
1995,2,7,0.0
1995,2,8,0.0
1995,2,9,0.0
1995,2,10,0.55
1995,2,11,0.43
1995,2,12,2.69
1995,2,13,1.68
1995,2,14,1.87
1995,2,15,0.0
1995,2,16,0.0
1995,2,17,0.0
1995,2,18,0.0
1995,2,19,0.0
1995,2,20,0.0
1995,2,21,0.0
1995,2,22,0.0
1995,2,23,0.0
1995,2,24,0.0
1995,2,25,0.0
1995,2,26,0.26
1995,2,27,0.49
1995,2,28,0.43
1995,3,1,0.9
1995,3,2,0.19
1995,3,3,0.09
1995,3,4,0.09
1995,3,5,0.15
1995,3,6,0.01
1995,3,7,0.94
1995,3,8,2.3
1995,3,9,1.38
1995,3,10,1.12
1995,3,11,2.07
1995,3,12,3.36
1995,3,13,3.06
1995,3,14,5.29
1995,3,15,5.84
1995,3,16,2.11
1995,3,17,2.43
1995,3,18,5.37
1995,3,19,1.07
1995,3,20,2.2
1995,3,21,5.06
1995,3,22,0.96
1995,3,23,2.02
1995,3,24,2.19
1995,3,25,0.05
1995,3,26,0.12
1995,3,27,1.68
1995,3,28,0.61
1995,3,29,0.25
1995,3,30,0.38
1995,3,31,0.85
1995,4,1,0.73
1995,4,2,0.65
1995,4,3,1.05
1995,4,4,0.46
1995,4,5,0.5
1995,4,6,0.02
1995,4,7,0.01
1995,4,8,0.02
1995,4,9,0.01
1995,4,10,0.02
1995,4,11,1.8
1995,4,12,2.16
1995,4,13,1.35
1995,4,14,4.3
1995,4,15,1.7
1995,4,16,8.47
1995,4,17,4.11
1995,4,18,3.69
1995,4,19,12.25
1995,4,20,6.78
1995,4,21,7.48
1995,4,22,10.12
1995,4,23,14.19
1995,4,24,16.07
1995,4,25,4.6
1995,4,26,5.38
1995,4,27,3.42
1995,4,28,5.11
1995,4,29,4.26
1995,4,30,3.62
1995,5,1,7.24
1995,5,2,5.28
1995,5,3,4.82
1995,5,4,1.84
1995,5,5,4.75
1995,5,6,1.49
1995,5,7,5.52
1995,5,8,3.97
1995,5,9,1.66
1995,5,10,6.73
1995,5,11,5.91
1995,5,12,1.89
1995,5,13,2.61
1995,5,14,2.51
1995,5,15,1.43
1995,5,16,2.02
1995,5,17,3.55
1995,5,18,2.62
1995,5,19,6.07
1995,5,20,2.25
1995,5,21,12.35
1995,5,22,8.27
1995,5,23,10.95
1995,5,24,8.41
1995,5,25,6.08
1995,5,26,5.06
1995,5,27,4.87
1995,5,28,6.35
1995,5,29,4.68
1995,5,30,3.04
1995,5,31,10.33
1995,6,1,6.49
1995,6,2,8.05
1995,6,3,8.65
1995,6,4,6.36
1995,6,5,22.17
1995,6,6,6.67
1995,6,7,15.41
1995,6,8,17.9
1995,6,9,7.92
1995,6,10,4.92
1995,6,11,7.7
1995,6,12,7.12
1995,6,13,8.48
1995,6,14,4.37
1995,6,15,3.62
1995,6,16,5.52
1995,6,17,3.85
1995,6,18,7.3
1995,6,19,6.21
1995,6,20,6.92
1995,6,21,5.72
1995,6,22,4.81
1995,6,23,8.77
1995,6,24,37.37
1995,6,25,3.17
1995,6,26,9.39
1995,6,27,17.88
1995,6,28,7.12
1995,6,29,8.13
1995,6,30,9.18
1995,7,1,6.4
1995,7,2,24.33
1995,7,3,29.59
1995,7,4,15.08
1995,7,5,1.44
1995,7,6,6.19
1995,7,7,7.21
1995,7,8,6.48
1995,7,9,6.02
1995,7,10,7.91
1995,7,11,13.43
1995,7,12,13.45
1995,7,13,6.87
1995,7,14,9.48
1995,7,15,5.57
1995,7,16,10.62
1995,7,17,19.27
1995,7,18,17.08
1995,7,19,3.52
1995,7,20,6.42
1995,7,21,10.62
1995,7,22,17.16
1995,7,23,2.81
1995,7,24,4.45
1995,7,25,5.41
1995,7,26,10.01
1995,7,27,6.51
1995,7,28,9.55
1995,7,29,6.35
1995,7,30,6.63
1995,7,31,7.71
1995,8,1,4.97
1995,8,2,3.49
1995,8,3,13.22
1995,8,4,54.72
1995,8,5,16.71
1995,8,6,14.11
1995,8,7,12.8
1995,8,8,13.83
1995,8,9,14.24
1995,8,10,16.8
1995,8,11,7.16
1995,8,12,4.42
1995,8,13,8.18
1995,8,14,15.59
1995,8,15,18.29
1995,8,16,17.3
1995,8,17,6.4
1995,8,18,8.4
1995,8,19,17.85
1995,8,20,21.39
1995,8,21,18.36
1995,8,22,20.39
1995,8,23,13.53
1995,8,24,8.97
1995,8,25,14.16
1995,8,26,10.67
1995,8,27,6.59
1995,8,28,4.78
1995,8,29,4.94
1995,8,30,6.54
1995,8,31,14.11
1995,9,1,10.93
1995,9,2,5.68
1995,9,3,12.04
1995,9,4,11.86
1995,9,5,5.87
1995,9,6,8.97
1995,9,7,16.42
1995,9,8,8.45
1995,9,9,4.11
1995,9,10,3.64
1995,9,11,10.62
1995,9,12,11.08
1995,9,13,5.92
1995,9,14,6.9
1995,9,15,12.9
1995,9,16,21.01
1995,9,17,6.19
1995,9,18,7.64
1995,9,19,6.49
1995,9,20,13.06
1995,9,21,9.72
1995,9,22,5.91
1995,9,23,9.65
1995,9,24,3.39
1995,9,25,5.97
1995,9,26,4.35
1995,9,27,7.83
1995,9,28,18.09
1995,9,29,11.64
1995,9,30,7.07
1995,10,1,12.1
1995,10,2,5.99
1995,10,3,3.91
1995,10,4,3.52
1995,10,5,4.57
1995,10,6,6.71
1995,10,7,8.81
1995,10,8,17.68
1995,10,9,11.58
1995,10,10,24.52
1995,10,11,5.99
1995,10,12,15.4
1995,10,13,11.23
1995,10,14,5.54
1995,10,15,15.89
1995,10,16,2.42
1995,10,17,1.67
1995,10,18,0.8
1995,10,19,3.96
1995,10,20,1.8
1995,10,21,1.88
1995,10,22,1.12
1995,10,23,6.37
1995,10,24,4.79
1995,10,25,10.6
1995,10,26,12.6
1995,10,27,2.75
1995,10,28,5.62
1995,10,29,3.65
1995,10,30,4.36
1995,10,31,1.3
1995,11,1,5.54
1995,11,2,13.66
1995,11,3,7.75
1995,11,4,0.8
1995,11,5,7.25
1995,11,6,5.08
1995,11,7,0.35
1995,11,8,0.14
1995,11,9,0.38
1995,11,10,0.52
1995,11,11,0.55
1995,11,12,0.02
1995,11,13,0.0
1995,11,14,0.0
1995,11,15,0.0
1995,11,16,0.0
1995,11,17,0.0
1995,11,18,0.0
1995,11,19,0.0
1995,11,20,0.0
1995,11,21,0.0
1995,11,22,0.0
1995,11,23,0.0
1995,11,24,0.0
1995,11,25,0.0
1995,11,26,0.0
1995,11,27,0.0
1995,11,28,0.0
1995,11,29,0.0
1995,11,30,0.0
1995,12,1,0.0
1995,12,2,0.0
1995,12,3,0.0
1995,12,4,0.0
1995,12,5,0.0
1995,12,6,0.0
1995,12,7,0.0
1995,12,8,0.0
1995,12,9,0.0
1995,12,10,0.0
1995,12,11,0.0
1995,12,12,0.0
1995,12,13,0.0
1995,12,14,0.0
1995,12,15,0.0
1995,12,16,0.0
1995,12,17,0.0
1995,12,18,0.0
1995,12,19,0.0
1995,12,20,0.0
1995,12,21,0.0
1995,12,22,0.0
1995,12,23,0.0
1995,12,24,0.0
1995,12,25,0.0
1995,12,26,0.0
1995,12,27,0.0
1995,12,28,0.0
1995,12,29,0.0
1995,12,30,0.0
1995,12,31,0.0
1996,1,1,0.0
1996,1,2,0.0
1996,1,3,0.0
1996,1,4,0.0
1996,1,5,0.0
1996,1,6,0.0
1996,1,7,0.0
1996,1,8,0.0
1996,1,9,0.0
1996,1,10,0.0
1996,1,11,0.07
1996,1,12,0.0
1996,1,13,0.2
1996,1,14,1.41
1996,1,15,0.7
1996,1,16,0.0
1996,1,17,0.0
1996,1,18,0.0
1996,1,19,0.0
1996,1,20,0.0
1996,1,21,0.0
1996,1,22,0.0
1996,1,23,0.0
1996,1,24,0.0
1996,1,25,0.0
1996,1,26,0.06
1996,1,27,0.06
1996,1,28,0.0
1996,1,29,0.01
1996,1,30,0.0
1996,1,31,0.0
1996,2,1,0.0
1996,2,2,0.01
1996,2,3,0.01
1996,2,4,0.02
1996,2,5,0.58
1996,2,6,0.31
1996,2,7,0.69
1996,2,8,0.67
1996,2,9,1.05
1996,2,10,0.44
1996,2,11,0.02
1996,2,12,0.06
1996,2,13,0.38
1996,2,14,0.21
1996,2,15,0.07
1996,2,16,0.08
1996,2,17,0.02
1996,2,18,0.03
1996,2,19,0.01
1996,2,20,0.0
1996,2,21,0.0
1996,2,22,0.0
1996,2,23,0.0
1996,2,24,0.0
1996,2,25,0.08
1996,2,26,0.07
1996,2,27,0.56
1996,2,28,2.16
1996,2,29,2.11
1996,3,1,1.02
1996,3,2,0.11
1996,3,3,0.17
1996,3,4,0.18
1996,3,5,0.17
1996,3,6,0.08
1996,3,7,0.29
1996,3,8,0.52
1996,3,9,0.79
1996,3,10,0.93
1996,3,11,0.55
1996,3,12,3.9
1996,3,13,1.89
1996,3,14,7.86
1996,3,15,9.49
1996,3,16,2.63
1996,3,17,5.06
1996,3,18,0.34
1996,3,19,2.79
1996,3,20,5.0
1996,3,21,4.98
1996,3,22,2.9
1996,3,23,3.79
1996,3,24,1.63
1996,3,25,1.84
1996,3,26,3.06
1996,3,27,0.3
1996,3,28,0.79
1996,3,29,0.94
1996,3,30,0.31
1996,3,31,0.21
1996,4,1,1.18
1996,4,2,1.41
1996,4,3,1.49
1996,4,4,1.36
1996,4,5,0.5
1996,4,6,3.39
1996,4,7,2.98
1996,4,8,5.65
1996,4,9,3.31
1996,4,10,1.32
1996,4,11,9.57
1996,4,12,4.23
1996,4,13,2.89
1996,4,14,4.21
1996,4,15,2.07
1996,4,16,9.41
1996,4,17,7.96
1996,4,18,4.82
1996,4,19,8.72
1996,4,20,8.32
1996,4,21,0.87
1996,4,22,0.48
1996,4,23,0.34
1996,4,24,0.75
1996,4,25,0.32
1996,4,26,6.12
1996,4,27,4.2
1996,4,28,2.66
1996,4,29,4.24
1996,4,30,3.26
1996,5,1,5.29
1996,5,2,2.06
1996,5,3,4.19
1996,5,4,5.96
1996,5,5,4.85
1996,5,6,2.82
1996,5,7,9.64
1996,5,8,8.86
1996,5,9,5.27
1996,5,10,6.57
1996,5,11,0.66
1996,5,12,2.43
1996,5,13,2.19
1996,5,14,4.72
1996,5,15,1.85
1996,5,16,6.03
1996,5,17,7.2
1996,5,18,8.54
1996,5,19,8.86
1996,5,20,5.95
1996,5,21,3.37
1996,5,22,4.8
1996,5,23,6.52
1996,5,24,5.93
1996,5,25,4.07
1996,5,26,11.42
1996,5,27,13.49
1996,5,28,6.95
1996,5,29,13.9
1996,5,30,14.53
1996,5,31,10.95
1996,6,1,11.05
1996,6,2,29.0
1996,6,3,29.63
1996,6,4,3.42
1996,6,5,1.69
1996,6,6,9.79
1996,6,7,7.12
1996,6,8,3.58
1996,6,9,2.39
1996,6,10,7.96
1996,6,11,12.89
1996,6,12,4.92
1996,6,13,8.24
1996,6,14,6.64
1996,6,15,3.58
1996,6,16,3.11
1996,6,17,2.72
1996,6,18,1.94
1996,6,19,2.75
1996,6,20,4.27
1996,6,21,5.67
1996,6,22,8.15
1996,6,23,5.29
1996,6,24,5.65
1996,6,25,3.8
1996,6,26,5.7
1996,6,27,7.26
1996,6,28,10.88
1996,6,29,15.13
1996,6,30,12.34
1996,7,1,7.3
1996,7,2,4.69
1996,7,3,7.43
1996,7,4,9.17
1996,7,5,4.48
1996,7,6,6.05
1996,7,7,8.87
1996,7,8,8.7
1996,7,9,6.64
1996,7,10,4.25
1996,7,11,6.8
1996,7,12,11.03
1996,7,13,5.55
1996,7,14,11.23
1996,7,15,11.29
1996,7,16,5.97
1996,7,17,5.1
1996,7,18,3.1
1996,7,19,3.88
1996,7,20,2.06
1996,7,21,0.96
1996,7,22,1.06
1996,7,23,1.35
1996,7,24,2.51
1996,7,25,5.58
1996,7,26,7.84
1996,7,27,4.85
1996,7,28,7.36
1996,7,29,3.02
1996,7,30,6.59
1996,7,31,7.87
1996,8,1,6.48
1996,8,2,12.7
1996,8,3,9.82
1996,8,4,10.86
1996,8,5,3.13
1996,8,6,2.46
1996,8,7,4.21
1996,8,8,3.42
1996,8,9,5.91
1996,8,10,6.92
1996,8,11,8.97
1996,8,12,7.77
1996,8,13,8.01
1996,8,14,12.41
1996,8,15,16.06
1996,8,16,32.91
1996,8,17,45.51
1996,8,18,31.9
1996,8,19,16.45
1996,8,20,20.23
1996,8,21,15.89
1996,8,22,9.3
1996,8,23,10.96
1996,8,24,5.87
1996,8,25,6.63
1996,8,26,11.36
1996,8,27,4.29
1996,8,28,3.38
1996,8,29,9.88
1996,8,30,13.57
1996,8,31,11.22
1996,9,1,17.88
1996,9,2,15.81
1996,9,3,6.41
1996,9,4,6.89
1996,9,5,12.48
1996,9,6,7.83
1996,9,7,1.38
1996,9,8,5.91
1996,9,9,5.74
1996,9,10,10.46
1996,9,11,9.84
1996,9,12,2.13
1996,9,13,7.86
1996,9,14,6.12
1996,9,15,6.47
1996,9,16,13.06
1996,9,17,5.94
1996,9,18,5.82
1996,9,19,5.87
1996,9,20,9.8
1996,9,21,12.22
1996,9,22,10.09
1996,9,23,13.82
1996,9,24,10.84
1996,9,25,7.29
1996,9,26,10.36
1996,9,27,5.97
1996,9,28,4.48
1996,9,29,6.31
1996,9,30,12.54
1996,10,1,4.91
1996,10,2,4.17
1996,10,3,7.55
1996,10,4,2.82
1996,10,5,6.95
1996,10,6,3.43
1996,10,7,6.02
1996,10,8,6.69
1996,10,9,4.13
1996,10,10,3.44
1996,10,11,7.11
1996,10,12,5.57
1996,10,13,12.99
1996,10,14,11.23
1996,10,15,2.14
1996,10,16,12.16
1996,10,17,7.74
1996,10,18,3.06
1996,10,19,6.51
1996,10,20,5.99
1996,10,21,2.6
1996,10,22,2.79
1996,10,23,3.3
1996,10,24,7.34
1996,10,25,9.5
1996,10,26,4.42
1996,10,27,5.34
1996,10,28,0.98
1996,10,29,0.62
1996,10,30,0.15
1996,10,31,0.01
1996,11,1,0.0
1996,11,2,0.0
1996,11,3,0.0
1996,11,4,0.0
1996,11,5,0.0
1996,11,6,0.0
1996,11,7,0.0
1996,11,8,0.0
1996,11,9,0.0
1996,11,10,0.0
1996,11,11,0.0
1996,11,12,0.0
1996,11,13,0.0
1996,11,14,0.0
1996,11,15,0.0
1996,11,16,0.0
1996,11,17,0.0
1996,11,18,0.0
1996,11,19,0.0
1996,11,20,0.0
1996,11,21,0.0
1996,11,22,0.0
1996,11,23,0.0
1996,11,24,0.0
1996,11,25,0.0
1996,11,26,0.02
1996,11,27,0.0
1996,11,28,0.0
1996,11,29,0.0
1996,11,30,0.0
1996,12,1,0.0
1996,12,2,0.02
1996,12,3,0.0
1996,12,4,0.0
1996,12,5,0.0
1996,12,6,0.0
1996,12,7,0.0
1996,12,8,0.0
1996,12,9,0.1
1996,12,10,0.0
1996,12,11,0.0
1996,12,12,0.0
1996,12,13,0.0
1996,12,14,0.0
1996,12,15,0.0
1996,12,16,0.0
1996,12,17,0.0
1996,12,18,0.0
1996,12,19,0.0
1996,12,20,0.0
1996,12,21,0.0
1996,12,22,0.0
1996,12,23,0.0
1996,12,24,0.0
1996,12,25,0.0
1996,12,26,0.0
1996,12,27,0.0
1996,12,28,0.0
1996,12,29,0.0
1996,12,30,0.0
1996,12,31,0.0
1997,1,1,0.0
1997,1,2,0.0
1997,1,3,0.0
1997,1,4,0.0
1997,1,5,0.0
1997,1,6,0.0
1997,1,7,0.0
1997,1,8,0.0
1997,1,9,0.0
1997,1,10,0.0
1997,1,11,0.0
1997,1,12,0.0
1997,1,13,0.0
1997,1,14,0.0
1997,1,15,0.0
1997,1,16,0.0
1997,1,17,0.0
1997,1,18,0.0
1997,1,19,0.0
1997,1,20,0.0
1997,1,21,0.0
1997,1,22,0.0
1997,1,23,0.0
1997,1,24,0.0
1997,1,25,0.0
1997,1,26,0.0
1997,1,27,0.0
1997,1,28,0.05
1997,1,29,0.0
1997,1,30,0.0
1997,1,31,0.0
1997,2,1,0.0
1997,2,2,0.0
1997,2,3,0.0
1997,2,4,0.0
1997,2,5,0.0
1997,2,6,0.0
1997,2,7,0.0
1997,2,8,0.0
1997,2,9,0.0
1997,2,10,0.0
1997,2,11,0.0
1997,2,12,0.0
1997,2,13,0.0
1997,2,14,0.0
1997,2,15,0.0
1997,2,16,0.0
1997,2,17,0.0
1997,2,18,0.0
1997,2,19,0.0
1997,2,20,0.0
1997,2,21,0.0
1997,2,22,0.0
1997,2,23,0.0
1997,2,24,0.0
1997,2,25,0.0
1997,2,26,0.0
1997,2,27,0.0
1997,2,28,0.0
1997,3,1,10.89
1997,3,2,0.0
1997,3,3,0.0
1997,3,4,0.0
1997,3,5,0.0
1997,3,6,0.0
1997,3,7,0.0
1997,3,8,0.0
1997,3,9,0.0
1997,3,10,0.0
1997,3,11,0.0
1997,3,12,0.47
1997,3,13,0.59
1997,3,14,0.79
1997,3,15,0.14
1997,3,16,0.58
1997,3,17,10.5
1997,3,18,4.37
1997,3,19,8.75
1997,3,20,9.25
1997,3,21,4.78
1997,3,22,10.52
1997,3,23,10.45
1997,3,24,4.11
1997,3,25,8.81
1997,3,26,6.45
1997,3,27,2.21
1997,3,28,2.38
1997,3,29,1.67
1997,3,30,1.09
1997,3,31,1.12
1997,4,1,1.28
1997,4,2,1.71
1997,4,3,1.13
1997,4,4,1.43
1997,4,5,0.63
1997,4,6,0.8
1997,4,7,1.51
1997,4,8,0.92
1997,4,9,1.22
1997,4,10,1.51
1997,4,11,22.03
1997,4,12,4.55
1997,4,13,4.54
1997,4,14,4.86
1997,4,15,7.21
1997,4,16,2.59
1997,4,17,2.97
1997,4,18,2.54
1997,4,19,1.48
1997,4,20,4.42
1997,4,21,5.45
1997,4,22,7.43
1997,4,23,5.63
1997,4,24,2.88
1997,4,25,2.67
1997,4,26,11.84
1997,4,27,5.72
1997,4,28,7.28
1997,4,29,10.18
1997,4,30,3.79
1997,5,1,7.24
1997,5,2,8.38
1997,5,3,34.09
1997,5,4,21.14
1997,5,5,4.45
1997,5,6,15.94
1997,5,7,25.52
1997,5,8,21.17
1997,5,9,2.68
1997,5,10,9.5
1997,5,11,3.42
1997,5,12,1.87
1997,5,13,1.21
1997,5,14,1.74
1997,5,15,2.47
1997,5,16,9.46
1997,5,17,9.34
1997,5,18,9.3
1997,5,19,11.53
1997,5,20,18.9
1997,5,21,9.49
1997,5,22,6.93
1997,5,23,7.93
1997,5,24,7.52
1997,5,25,3.09
1997,5,26,3.56
1997,5,27,11.06
1997,5,28,6.31
1997,5,29,8.3
1997,5,30,5.1
1997,5,31,8.85
1997,6,1,8.28
1997,6,2,9.35
1997,6,3,9.88
1997,6,4,13.77
1997,6,5,6.86
1997,6,6,5.35
1997,6,7,5.95
1997,6,8,3.76
1997,6,9,6.48
1997,6,10,18.41
1997,6,11,17.36
1997,6,12,31.9
1997,6,13,23.29
1997,6,14,13.49
1997,6,15,15.02
1997,6,16,15.54
1997,6,17,8.65
1997,6,18,8.52
1997,6,19,15.57
1997,6,20,6.54
1997,6,21,6.05
1997,6,22,8.5
1997,6,23,26.99
1997,6,24,6.89
1997,6,25,17.91
1997,6,26,14.45
1997,6,27,8.21
1997,6,28,11.28
1997,6,29,11.0
1997,6,30,2.39
1997,7,1,2.27
1997,7,2,2.68
1997,7,3,1.0
1997,7,4,0.97
1997,7,5,0.77
1997,7,6,1.68
1997,7,7,2.49
1997,7,8,1.71
1997,7,9,2.97
1997,7,10,5.25
1997,7,11,8.43
1997,7,12,5.93
1997,7,13,5.1
1997,7,14,20.48
1997,7,15,18.1
1997,7,16,12.44
1997,7,17,7.74
1997,7,18,6.98
1997,7,19,7.67
1997,7,20,4.25
1997,7,21,7.38
1997,7,22,12.03
1997,7,23,3.4
1997,7,24,5.33
1997,7,25,5.63
1997,7,26,2.35
1997,7,27,2.97
1997,7,28,3.47
1997,7,29,5.21
1997,7,30,13.31
1997,7,31,16.68
1997,8,1,18.39
1997,8,2,5.27
1997,8,3,6.95
1997,8,4,1.87
1997,8,5,4.14
1997,8,6,2.24
1997,8,7,2.77
1997,8,8,2.92
1997,8,9,4.4
1997,8,10,9.75
1997,8,11,14.2
1997,8,12,8.07
1997,8,13,7.14
1997,8,14,14.44
1997,8,15,13.54
1997,8,16,7.3
1997,8,17,9.8
1997,8,18,14.57
1997,8,19,3.76
1997,8,20,3.83
1997,8,21,4.1
1997,8,22,3.84
1997,8,23,3.61
1997,8,24,14.89
1997,8,25,10.97
1997,8,26,8.74
1997,8,27,8.14
1997,8,28,12.26
1997,8,29,5.56
1997,8,30,4.98
1997,8,31,4.81
1997,9,1,10.69
1997,9,2,14.56
1997,9,3,8.58
1997,9,4,11.32
1997,9,5,9.26
1997,9,6,8.02
1997,9,7,8.84
1997,9,8,0.8
1997,9,9,5.94
1997,9,10,5.36
1997,9,11,5.04
1997,9,12,5.46
1997,9,13,0.67
1997,9,14,2.45
1997,9,15,2.0
1997,9,16,1.68
1997,9,17,4.98
1997,9,18,6.96
1997,9,19,1.82
1997,9,20,4.97
1997,9,21,3.18
1997,9,22,6.51
1997,9,23,23.07
1997,9,24,11.94
1997,9,25,14.66
1997,9,26,28.34
1997,9,27,18.05
1997,9,28,4.23
1997,9,29,3.26
1997,9,30,6.08
1997,10,1,3.24
1997,10,2,9.71
1997,10,3,7.86
1997,10,4,5.29
1997,10,5,3.1
1997,10,6,1.7
1997,10,7,2.94
1997,10,8,1.68
1997,10,9,1.23
1997,10,10,1.85
1997,10,11,0.85
1997,10,12,1.2
1997,10,13,6.05
1997,10,14,17.65
1997,10,15,9.16
1997,10,16,7.41
1997,10,17,3.59
1997,10,18,3.84
1997,10,19,5.02
1997,10,20,1.83
1997,10,21,1.14
1997,10,22,1.39
1997,10,23,2.74
1997,10,24,3.0
1997,10,25,2.51
1997,10,26,7.23
1997,10,27,3.49
1997,10,28,6.09
1997,10,29,3.41
1997,10,30,6.17
1997,10,31,10.03
1997,11,1,6.74
1997,11,2,0.55
1997,11,3,0.79
1997,11,4,1.24
1997,11,5,1.78
1997,11,6,2.08
1997,11,7,3.2
1997,11,8,1.91
1997,11,9,0.1
1997,11,10,0.06
1997,11,11,0.86
1997,11,12,0.07
1997,11,13,0.02
1997,11,14,0.08
1997,11,15,0.01
1997,11,16,0.0
1997,11,17,0.02
1997,11,18,0.21
1997,11,19,0.12
1997,11,20,0.08
1997,11,21,0.1
1997,11,22,0.09
1997,11,23,0.07
1997,11,24,0.13
1997,11,25,0.15
1997,11,26,0.16
1997,11,27,0.0
1997,11,28,0.0
1997,11,29,0.0
1997,11,30,0.0
1997,12,1,0.0
1997,12,2,0.0
1997,12,3,0.0
1997,12,4,0.0
1997,12,5,0.0
1997,12,6,2.29
1997,12,7,0.06
1997,12,8,0.02
1997,12,9,0.02
1997,12,10,0.04
1997,12,11,0.02
1997,12,12,0.01
1997,12,13,0.0
1997,12,14,0.0
1997,12,15,0.0
1997,12,16,0.0
1997,12,17,0.0
1997,12,18,0.0
1997,12,19,0.0
1997,12,20,0.0
1997,12,21,0.0
1997,12,22,0.0
1997,12,23,0.0
1997,12,24,0.0
1997,12,25,0.0
1997,12,26,0.0
1997,12,27,0.0
1997,12,28,0.0
1997,12,29,0.0
1997,12,30,0.0
1997,12,31,0.0
1998,1,1,0.0
1998,1,2,0.0
1998,1,3,0.0
1998,1,4,0.0
1998,1,5,0.0
1998,1,6,0.0
1998,1,7,0.0
1998,1,8,0.0
1998,1,9,0.0
1998,1,10,0.0
1998,1,11,0.0
1998,1,12,0.0
1998,1,13,0.0
1998,1,14,0.0
1998,1,15,0.0
1998,1,16,0.0
1998,1,17,0.0
1998,1,18,0.0
1998,1,19,0.0
1998,1,20,0.0
1998,1,21,0.0
1998,1,22,0.0
1998,1,23,0.0
1998,1,24,0.0
1998,1,25,0.0
1998,1,26,0.0
1998,1,27,0.0
1998,1,28,0.0
1998,1,29,0.0
1998,1,30,0.02
1998,1,31,1.52
1998,2,1,0.76
1998,2,2,0.23
1998,2,3,0.58
1998,2,4,0.04
1998,2,5,0.01
1998,2,6,0.0
1998,2,7,0.03
1998,2,8,0.23
1998,2,9,0.17
1998,2,10,0.0
1998,2,11,0.0
1998,2,12,0.0
1998,2,13,0.0
1998,2,14,0.0
1998,2,15,0.0
1998,2,16,0.0
1998,2,17,0.0
1998,2,18,0.0
1998,2,19,0.0
1998,2,20,0.0
1998,2,21,0.0
1998,2,22,0.0
1998,2,23,0.0
1998,2,24,0.0
1998,2,25,0.0
1998,2,26,0.0
1998,2,27,0.0
1998,2,28,0.0
1998,3,1,0.0
1998,3,2,0.0
1998,3,3,0.0
1998,3,4,0.0
1998,3,5,0.0
1998,3,6,0.0
1998,3,7,0.0
1998,3,8,0.0
1998,3,9,0.0
1998,3,10,0.0
1998,3,11,0.0
1998,3,12,0.17
1998,3,13,0.23
1998,3,14,0.39
1998,3,15,0.64
1998,3,16,0.77
1998,3,17,0.01
1998,3,18,0.0
1998,3,19,0.0
1998,3,20,0.0
1998,3,21,0.0
1998,3,22,0.0
1998,3,23,0.0
1998,3,24,0.0
1998,3,25,0.0
1998,3,26,0.0
1998,3,27,0.04
1998,3,28,0.08
1998,3,29,0.02
1998,3,30,0.05
1998,3,31,0.03
1998,4,1,8.37
1998,4,2,12.23
1998,4,3,22.79
1998,4,4,9.45
1998,4,5,16.81
1998,4,6,0.76
1998,4,7,0.19
1998,4,8,0.77
1998,4,9,0.73
1998,4,10,0.54
1998,4,11,0.01
1998,4,12,0.01
1998,4,13,0.0
1998,4,14,0.0
1998,4,15,0.01
1998,4,16,1.94
1998,4,17,2.84
1998,4,18,9.03
1998,4,19,4.71
1998,4,20,3.06
1998,4,21,7.33
1998,4,22,10.86
1998,4,23,4.1
1998,4,24,2.33
1998,4,25,4.08
1998,4,26,12.97
1998,4,27,7.81
1998,4,28,9.42
1998,4,29,19.75
1998,4,30,10.3
1998,5,1,13.29
1998,5,2,7.61
1998,5,3,5.4
1998,5,4,9.56
1998,5,5,4.97
1998,5,6,4.31
1998,5,7,3.83
1998,5,8,2.55
1998,5,9,2.79
1998,5,10,2.5
1998,5,11,5.44
1998,5,12,5.51
1998,5,13,4.99
1998,5,14,1.93
1998,5,15,7.7
1998,5,16,10.3
1998,5,17,7.9
1998,5,18,5.58
1998,5,19,8.1
1998,5,20,2.75
1998,5,21,5.51
1998,5,22,12.24
1998,5,23,6.55
1998,5,24,8.35
1998,5,25,4.39
1998,5,26,3.36
1998,5,27,7.3
1998,5,28,6.36
1998,5,29,8.68
1998,5,30,5.98
1998,5,31,3.93
1998,6,1,6.57
1998,6,2,7.68
1998,6,3,3.65
1998,6,4,3.1
1998,6,5,3.41
1998,6,6,2.87
1998,6,7,2.91
1998,6,8,2.23
1998,6,9,6.26
1998,6,10,11.65
1998,6,11,10.34
1998,6,12,13.42
1998,6,13,14.71
1998,6,14,10.42
1998,6,15,13.11
1998,6,16,11.62
1998,6,17,11.93
1998,6,18,6.44
1998,6,19,8.16
1998,6,20,7.73
1998,6,21,10.2
1998,6,22,6.03
1998,6,23,11.91
1998,6,24,8.98
1998,6,25,7.33
1998,6,26,10.04
1998,6,27,13.06
1998,6,28,8.04
1998,6,29,3.64
1998,6,30,7.61
1998,7,1,3.61
1998,7,2,4.16
1998,7,3,6.8
1998,7,4,3.09
1998,7,5,4.0
1998,7,6,5.63
1998,7,7,2.6
1998,7,8,4.69
1998,7,9,6.66
1998,7,10,3.18
1998,7,11,2.76
1998,7,12,6.99
1998,7,13,4.23
1998,7,14,1.63
1998,7,15,2.21
1998,7,16,1.96
1998,7,17,3.24
1998,7,18,3.38
1998,7,19,3.9
1998,7,20,13.58
1998,7,21,7.36
1998,7,22,8.56
1998,7,23,5.85
1998,7,24,7.39
1998,7,25,6.14
1998,7,26,5.36
1998,7,27,7.16
1998,7,28,6.7
1998,7,29,2.95
1998,7,30,3.65
1998,7,31,3.0
1998,8,1,7.49
1998,8,2,10.46
1998,8,3,9.31
1998,8,4,29.83
1998,8,5,12.0
1998,8,6,3.87
1998,8,7,16.9
1998,8,8,3.97
1998,8,9,1.8
1998,8,10,9.88
1998,8,11,20.14
1998,8,12,9.03
1998,8,13,6.29
1998,8,14,12.04
1998,8,15,5.75
1998,8,16,6.08
1998,8,17,4.94
1998,8,18,6.03
1998,8,19,11.44
1998,8,20,6.08
1998,8,21,3.8
1998,8,22,8.37
1998,8,23,4.14
1998,8,24,5.91
1998,8,25,7.77
1998,8,26,2.12
1998,8,27,1.86
1998,8,28,4.88
1998,8,29,10.06
1998,8,30,16.27
1998,8,31,6.76
1998,9,1,5.1
1998,9,2,10.26
1998,9,3,3.47
1998,9,4,3.09
1998,9,5,6.22
1998,9,6,8.49
1998,9,7,14.82
1998,9,8,2.45
1998,9,9,10.22
1998,9,10,18.39
1998,9,11,12.67
1998,9,12,5.32
1998,9,13,11.53
1998,9,14,16.01
1998,9,15,39.07
1998,9,16,8.76
1998,9,17,6.23
1998,9,18,6.24
1998,9,19,8.39
1998,9,20,13.82
1998,9,21,16.09
1998,9,22,20.29
1998,9,23,18.13
1998,9,24,6.49
1998,9,25,4.45
1998,9,26,11.74
1998,9,27,8.14
1998,9,28,2.3
1998,9,29,3.69
1998,9,30,2.9
1998,10,1,2.78
1998,10,2,0.66
1998,10,3,7.06
1998,10,4,7.75
1998,10,5,7.67
1998,10,6,5.9
1998,10,7,7.41
1998,10,8,5.34
1998,10,9,12.34
1998,10,10,4.29
1998,10,11,4.07
1998,10,12,3.34
1998,10,13,1.78
1998,10,14,1.66
1998,10,15,1.78
1998,10,16,3.08
1998,10,17,4.25
1998,10,18,5.71
1998,10,19,2.11
1998,10,20,3.87
1998,10,21,1.52
1998,10,22,3.46
1998,10,23,1.15
1998,10,24,0.47
1998,10,25,0.4
1998,10,26,0.57
1998,10,27,0.58
1998,10,28,0.26
1998,10,29,0.08
1998,10,30,0.26
1998,10,31,0.14
1998,11,1,0.0
1998,11,2,0.0
1998,11,3,0.01
1998,11,4,0.08
1998,11,5,0.16
1998,11,6,0.09
1998,11,7,0.02
1998,11,8,0.09
1998,11,9,0.31
1998,11,10,0.26
1998,11,11,0.39
1998,11,12,0.35
1998,11,13,0.38
1998,11,14,0.19
1998,11,15,0.01
1998,11,16,0.0
1998,11,17,0.01
1998,11,18,0.09
1998,11,19,0.0
1998,11,20,0.0
1998,11,21,0.05
1998,11,22,0.01
1998,11,23,0.01
1998,11,24,0.0
1998,11,25,0.01
1998,11,26,0.01
1998,11,27,0.32
1998,11,28,0.17
1998,11,29,0.12
1998,11,30,0.05
1998,12,1,0.01
1998,12,2,0.01
1998,12,3,0.01
1998,12,4,0.06
1998,12,5,0.02
1998,12,6,0.04
1998,12,7,0.15
1998,12,8,0.11
1998,12,9,0.1
1998,12,10,0.07
1998,12,11,0.0
1998,12,12,0.0
1998,12,13,0.0
1998,12,14,0.0
1998,12,15,0.0
1998,12,16,0.0
1998,12,17,0.0
1998,12,18,0.0
1998,12,19,0.0
1998,12,20,0.0
1998,12,21,0.0
1998,12,22,0.0
1998,12,23,0.0
1998,12,24,0.0
1998,12,25,0.0
1998,12,26,0.0
1998,12,27,0.0
1998,12,28,0.0
1998,12,29,0.0
1998,12,30,0.0
1998,12,31,0.0
1999,1,1,0.0
1999,1,2,0.0
1999,1,3,0.0
1999,1,4,0.0
1999,1,5,0.0
1999,1,6,0.0
1999,1,7,0.0
1999,1,8,0.0
1999,1,9,0.0
1999,1,10,0.0
1999,1,11,0.0
1999,1,12,0.0
1999,1,13,0.0
1999,1,14,0.0
1999,1,15,0.0
1999,1,16,0.0
1999,1,17,0.01
1999,1,18,0.1
1999,1,19,0.07
1999,1,20,0.08
1999,1,21,0.06
1999,1,22,0.02
1999,1,23,0.12
1999,1,24,0.04
1999,1,25,0.0
1999,1,26,0.01
1999,1,27,0.0
1999,1,28,0.0
1999,1,29,0.0
1999,1,30,0.0
1999,1,31,0.01
1999,2,1,2.15
1999,2,2,0.81
1999,2,3,2.22
1999,2,4,0.61
1999,2,5,0.06
1999,2,6,0.06
1999,2,7,0.14
1999,2,8,0.0
1999,2,9,0.0
1999,2,10,0.0
1999,2,11,0.01
1999,2,12,0.01
1999,2,13,0.02
1999,2,14,0.05
1999,2,15,0.87
1999,2,16,0.59
1999,2,17,0.39
1999,2,18,1.11
1999,2,19,0.45
1999,2,20,0.85
1999,2,21,0.33
1999,2,22,0.62
1999,2,23,0.61
1999,2,24,0.01
1999,2,25,0.01
1999,2,26,0.11
1999,2,27,2.03
1999,2,28,11.88
1999,3,1,4.76
1999,3,2,0.03
1999,3,3,0.1
1999,3,4,0.12
1999,3,5,0.09
1999,3,6,0.12
1999,3,7,1.53
1999,3,8,0.63
1999,3,9,1.37
1999,3,10,2.75
1999,3,11,0.96
1999,3,12,0.6
1999,3,13,0.41
1999,3,14,0.29
1999,3,15,0.79
1999,3,16,0.71
1999,3,17,1.68
1999,3,18,1.38
1999,3,19,1.04
1999,3,20,1.3
1999,3,21,2.02
1999,3,22,0.39
1999,3,23,0.44
1999,3,24,0.2
1999,3,25,0.35
1999,3,26,0.14
1999,3,27,0.2
1999,3,28,0.35
1999,3,29,0.36
1999,3,30,0.21
1999,3,31,0.43
1999,4,1,6.47
1999,4,2,2.49
1999,4,3,4.17
1999,4,4,2.14
1999,4,5,1.33
1999,4,6,1.67
1999,4,7,0.52
1999,4,8,0.0
1999,4,9,0.0
1999,4,10,0.0
1999,4,11,0.06
1999,4,12,0.64
1999,4,13,3.61
1999,4,14,8.59
1999,4,15,6.28
1999,4,16,2.71
1999,4,17,0.84
1999,4,18,1.88
1999,4,19,4.54
1999,4,20,3.06
1999,4,21,1.45
1999,4,22,0.91
1999,4,23,0.9
1999,4,24,1.81
1999,4,25,0.45
1999,4,26,0.31
1999,4,27,1.14
1999,4,28,0.88
1999,4,29,0.4
1999,4,30,0.57
1999,5,1,0.81
1999,5,2,0.7
1999,5,3,0.71
1999,5,4,0.26
1999,5,5,0.14
1999,5,6,1.62
1999,5,7,1.76
1999,5,8,1.62
1999,5,9,2.89
1999,5,10,4.13
1999,5,11,7.81
1999,5,12,2.89
1999,5,13,7.41
1999,5,14,2.55
1999,5,15,2.5
1999,5,16,1.79
1999,5,17,1.43
1999,5,18,3.23
1999,5,19,2.63
1999,5,20,3.56
1999,5,21,4.2
1999,5,22,6.47
1999,5,23,10.14
1999,5,24,16.51
1999,5,25,10.34
1999,5,26,4.88
1999,5,27,6.02
1999,5,28,11.8
1999,5,29,5.67
1999,5,30,5.11
1999,5,31,1.4
1999,6,1,1.46
1999,6,2,5.17
1999,6,3,4.13
1999,6,4,3.84
1999,6,5,1.14
1999,6,6,0.22
1999,6,7,1.33
1999,6,8,2.11
1999,6,9,2.02
1999,6,10,5.78
1999,6,11,5.37
1999,6,12,0.98
1999,6,13,3.31
1999,6,14,4.3
1999,6,15,5.09
1999,6,16,9.85
1999,6,17,13.03
1999,6,18,9.83
1999,6,19,4.46
1999,6,20,3.37
1999,6,21,6.92
1999,6,22,6.44
1999,6,23,7.68
1999,6,24,6.24
1999,6,25,3.26
1999,6,26,2.24
1999,6,27,5.55
1999,6,28,7.64
1999,6,29,3.31
1999,6,30,4.67
1999,7,1,3.07
1999,7,2,3.28
1999,7,3,3.76
1999,7,4,1.13
1999,7,5,2.94
1999,7,6,4.43
1999,7,7,6.26
1999,7,8,5.94
1999,7,9,1.32
1999,7,10,0.77
1999,7,11,0.97
1999,7,12,0.69
1999,7,13,1.5
1999,7,14,1.51
1999,7,15,1.34
1999,7,16,4.0
1999,7,17,4.14
1999,7,18,5.62
1999,7,19,4.1
1999,7,20,1.82
1999,7,21,3.31
1999,7,22,4.55
1999,7,23,1.77
1999,7,24,2.15
1999,7,25,2.37
1999,7,26,3.35
1999,7,27,3.08
1999,7,28,1.46
1999,7,29,5.75
1999,7,30,3.2
1999,7,31,1.18
1999,8,1,2.08
1999,8,2,3.81
1999,8,3,4.16
1999,8,4,1.69
1999,8,5,1.21
1999,8,6,0.9
1999,8,7,1.47
1999,8,8,1.97
1999,8,9,8.61
1999,8,10,4.46
1999,8,11,5.16
1999,8,12,3.13
1999,8,13,2.99
1999,8,14,1.45
1999,8,15,2.41
1999,8,16,0.53
1999,8,17,2.06
1999,8,18,2.31
1999,8,19,6.4
1999,8,20,2.41
1999,8,21,6.67
1999,8,22,8.8
1999,8,23,8.0
1999,8,24,6.38
1999,8,25,8.02
1999,8,26,7.43
1999,8,27,3.95
1999,8,28,2.37
1999,8,29,4.7
1999,8,30,3.1
1999,8,31,2.85
1999,9,1,3.76
1999,9,2,7.65
1999,9,3,1.11
1999,9,4,1.16
1999,9,5,2.75
1999,9,6,3.1
1999,9,7,6.57
1999,9,8,2.7
1999,9,9,4.32
1999,9,10,3.09
1999,9,11,3.71
1999,9,12,1.5
1999,9,13,1.09
1999,9,14,1.72
1999,9,15,1.03
1999,9,16,1.56
1999,9,17,1.42
1999,9,18,0.8
1999,9,19,0.87
1999,9,20,1.3
1999,9,21,1.74
1999,9,22,1.43
1999,9,23,5.07
1999,9,24,5.32
1999,9,25,3.73
1999,9,26,10.68
1999,9,27,6.57
1999,9,28,3.53
1999,9,29,7.4
1999,9,30,4.11
1999,10,1,3.51
1999,10,2,6.68
1999,10,3,24.47
1999,10,4,18.4
1999,10,5,27.68
1999,10,6,15.14
1999,10,7,10.08
1999,10,8,3.38
1999,10,9,5.89
1999,10,10,5.3
1999,10,11,2.19
1999,10,12,2.41
1999,10,13,4.5
1999,10,14,17.52
1999,10,15,19.8
1999,10,16,2.45
1999,10,17,3.49
1999,10,18,1.09
1999,10,19,0.57
1999,10,20,0.26
1999,10,21,0.82
1999,10,22,0.62
1999,10,23,1.38
1999,10,24,1.53
1999,10,25,2.4
1999,10,26,1.12
1999,10,27,0.81
1999,10,28,5.91
1999,10,29,4.87
1999,10,30,10.26
1999,10,31,7.8
1999,11,1,5.99
1999,11,2,1.4
1999,11,3,0.2
1999,11,4,0.17
1999,11,5,0.07
1999,11,6,0.02
1999,11,7,0.02
1999,11,8,0.0
1999,11,9,0.24
1999,11,10,0.43
1999,11,11,0.49
1999,11,12,0.05
1999,11,13,0.0
1999,11,14,0.02
1999,11,15,0.0
1999,11,16,0.02
1999,11,17,0.0
1999,11,18,0.0
1999,11,19,0.0
1999,11,20,0.0
1999,11,21,0.0
1999,11,22,0.36
1999,11,23,0.54
1999,11,24,0.11
1999,11,25,0.31
1999,11,26,0.54
1999,11,27,0.02
1999,11,28,0.01
1999,11,29,0.0
1999,11,30,0.0
1999,12,1,0.0
1999,12,2,0.01
1999,12,3,0.0
1999,12,4,0.0
1999,12,5,0.0
1999,12,6,0.0
1999,12,7,0.0
1999,12,8,0.0
1999,12,9,0.0
1999,12,10,0.0
1999,12,11,0.0
1999,12,12,0.0
1999,12,13,0.0
1999,12,14,0.0
1999,12,15,0.0
1999,12,16,0.0
1999,12,17,0.0
1999,12,18,0.0
1999,12,19,0.0
1999,12,20,0.0
1999,12,21,0.0
1999,12,22,0.0
1999,12,23,0.0
1999,12,24,0.0
1999,12,25,0.0
1999,12,26,0.0
1999,12,27,0.0
1999,12,28,0.0
1999,12,29,0.0
1999,12,30,0.0
1999,12,31,0.0
2000,1,1,0.0
2000,1,2,0.0
2000,1,3,0.0
2000,1,4,0.0
2000,1,5,0.0
2000,1,6,0.0
2000,1,7,0.0
2000,1,8,0.0
2000,1,9,0.0
2000,1,10,0.0
2000,1,11,0.0
2000,1,12,0.0
2000,1,13,0.0
2000,1,14,0.0
2000,1,15,0.04
2000,1,16,0.0
2000,1,17,0.0
2000,1,18,0.0
2000,1,19,0.0
2000,1,20,0.01
2000,1,21,0.01
2000,1,22,0.01
2000,1,23,0.02
2000,1,24,0.02
2000,1,25,0.03
2000,1,26,0.0
2000,1,27,0.0
2000,1,28,0.0
2000,1,29,0.0
2000,1,30,0.0
2000,1,31,0.0
2000,2,1,0.0
2000,2,2,0.0
2000,2,3,0.0
2000,2,4,0.0
2000,2,5,0.0
2000,2,6,0.0
2000,2,7,0.0
2000,2,8,0.0
2000,2,9,0.14
2000,2,10,0.0
2000,2,11,0.0
2000,2,12,0.0
2000,2,13,0.0
2000,2,14,0.0
2000,2,15,0.0
2000,2,16,0.0
2000,2,17,0.0
2000,2,18,0.0
2000,2,19,0.0
2000,2,20,0.0
2000,2,21,0.0
2000,2,22,0.0
2000,2,23,0.0
2000,2,24,0.0
2000,2,25,0.0
2000,2,26,0.0
2000,2,27,0.0
2000,2,28,0.0
2000,2,29,0.0
2000,3,1,0.0
2000,3,2,0.0
2000,3,3,0.0
2000,3,4,0.0
2000,3,5,0.0
2000,3,6,0.0
2000,3,7,0.0
2000,3,8,0.0
2000,3,9,0.0
2000,3,10,0.0
2000,3,11,0.0
2000,3,12,0.0
2000,3,13,0.0
2000,3,14,0.0
2000,3,15,0.0
2000,3,16,0.76
2000,3,17,0.9
2000,3,18,0.23
2000,3,19,0.81
2000,3,20,2.72
2000,3,21,0.96
2000,3,22,0.85
2000,3,23,0.47
2000,3,24,0.91
2000,3,25,1.29
2000,3,26,1.87
2000,3,27,0.21
2000,3,28,0.06
2000,3,29,0.01
2000,3,30,0.1
2000,3,31,0.16
2000,4,1,1.03
2000,4,2,0.48
2000,4,3,1.32
2000,4,4,1.32
2000,4,5,1.29
2000,4,6,1.46
2000,4,7,2.68
2000,4,8,2.55
2000,4,9,1.56
2000,4,10,3.5
2000,4,11,4.93
2000,4,12,4.0
2000,4,13,5.06
2000,4,14,5.9
2000,4,15,5.52
2000,4,16,6.48
2000,4,17,3.63
2000,4,18,3.99
2000,4,19,4.27
2000,4,20,2.68
2000,4,21,2.34
2000,4,22,5.31
2000,4,23,4.85
2000,4,24,2.36
2000,4,25,5.3
2000,4,26,3.88
2000,4,27,4.0
2000,4,28,4.86
2000,4,29,4.59
2000,4,30,7.39
2000,5,1,0.06
2000,5,2,0.02
2000,5,3,0.05
2000,5,4,0.08
2000,5,5,0.01
2000,5,6,0.78
2000,5,7,1.13
2000,5,8,1.34
2000,5,9,2.39
2000,5,10,0.39
2000,5,11,0.97
2000,5,12,0.79
2000,5,13,1.14
2000,5,14,0.96
2000,5,15,3.52
2000,5,16,9.89
2000,5,17,6.2
2000,5,18,5.87
2000,5,19,3.39
2000,5,20,2.18
2000,5,21,26.2
2000,5,22,38.92
2000,5,23,35.09
2000,5,24,11.79
2000,5,25,23.5
2000,5,26,8.94
2000,5,27,7.63
2000,5,28,7.0
2000,5,29,5.41
2000,5,30,9.55
2000,5,31,47.58
2000,6,1,51.0
2000,6,2,30.21
2000,6,3,43.08
2000,6,4,24.31
2000,6,5,27.63
2000,6,6,7.63
2000,6,7,1.9
2000,6,8,0.79
2000,6,9,4.65
2000,6,10,42.39
2000,6,11,40.55
2000,6,12,7.19
2000,6,13,10.78
2000,6,14,25.98
2000,6,15,10.06
2000,6,16,9.88
2000,6,17,13.06
2000,6,18,9.76
2000,6,19,5.7
2000,6,20,29.33
2000,6,21,35.16
2000,6,22,61.32
2000,6,23,19.31
2000,6,24,24.44
2000,6,25,24.18
2000,6,26,13.81
2000,6,27,10.37
2000,6,28,17.74
2000,6,29,16.48
2000,6,30,18.57
2000,7,1,21.13
2000,7,2,15.84
2000,7,3,24.93
2000,7,4,18.87
2000,7,5,10.06
2000,7,6,17.24
2000,7,7,20.23
2000,7,8,13.63
2000,7,9,10.73
2000,7,10,7.45
2000,7,11,10.37
2000,7,12,12.07
2000,7,13,8.16
2000,7,14,5.2
2000,7,15,5.29
2000,7,16,13.83
2000,7,17,22.54
2000,7,18,49.79
2000,7,19,5.9
2000,7,20,3.02
2000,7,21,9.66
2000,7,22,16.74
2000,7,23,22.0
2000,7,24,58.22
2000,7,25,8.0
2000,7,26,7.5
2000,7,27,12.31
2000,7,28,20.7
2000,7,29,28.17
2000,7,30,1.69
2000,7,31,2.71
2000,8,1,1.54
2000,8,2,1.07
2000,8,3,2.97
2000,8,4,1.11
2000,8,5,0.4
2000,8,6,1.32
2000,8,7,3.15
2000,8,8,2.39
2000,8,9,16.32
2000,8,10,6.82
2000,8,11,1.45
2000,8,12,5.29
2000,8,13,5.76
2000,8,14,13.17
2000,8,15,4.13
2000,8,16,2.24
2000,8,17,0.79
2000,8,18,2.51
2000,8,19,10.12
2000,8,20,7.46
2000,8,21,11.91
2000,8,22,13.42
2000,8,23,15.7
2000,8,24,15.65
2000,8,25,13.18
2000,8,26,10.77
2000,8,27,9.17
2000,8,28,3.93
2000,8,29,2.68
2000,8,30,2.3
2000,8,31,4.37
2000,9,1,2.56
2000,9,2,1.63
2000,9,3,1.89
2000,9,4,0.76
2000,9,5,1.13
2000,9,6,2.36
2000,9,7,5.57
2000,9,8,2.83
2000,9,9,1.72
2000,9,10,2.79
2000,9,11,3.75
2000,9,12,1.37
2000,9,13,6.62
2000,9,14,2.71
2000,9,15,5.79
2000,9,16,3.31
2000,9,17,5.05
2000,9,18,9.38
2000,9,19,26.45
2000,9,20,25.77
2000,9,21,21.05
2000,9,22,17.96
2000,9,23,5.56
2000,9,24,3.1
2000,9,25,8.17
2000,9,26,10.71
2000,9,27,10.35
2000,9,28,2.85
2000,9,29,2.09
2000,9,30,5.02
2000,10,1,1.02
2000,10,2,1.71
2000,10,3,0.72
2000,10,4,1.51
2000,10,5,2.65
2000,10,6,2.98
2000,10,7,4.28
2000,10,8,11.95
2000,10,9,4.42
2000,10,10,3.75
2000,10,11,5.96
2000,10,12,4.47
2000,10,13,41.87
2000,10,14,23.78
2000,10,15,14.19
2000,10,16,14.56
2000,10,17,13.0
2000,10,18,12.55
2000,10,19,20.78
2000,10,20,12.69
2000,10,21,26.17
2000,10,22,14.02
2000,10,23,29.51
2000,10,24,35.81
2000,10,25,18.69
2000,10,26,12.61
2000,10,27,6.42
2000,10,28,11.04
2000,10,29,10.62
2000,10,30,1.93
2000,10,31,6.42
2000,11,1,13.45
2000,11,2,5.09
2000,11,3,2.88
2000,11,4,2.3
2000,11,5,3.1
2000,11,6,1.93
2000,11,7,3.11
2000,11,8,3.14
2000,11,9,4.02
2000,11,10,2.56
2000,11,11,3.27
2000,11,12,0.96
2000,11,13,0.23
2000,11,14,0.79
2000,11,15,3.9
2000,11,16,1.3
2000,11,17,0.05
2000,11,18,0.05
2000,11,19,0.5
2000,11,20,0.08
2000,11,21,0.04
2000,11,22,0.0
2000,11,23,0.0
2000,11,24,0.0
2000,11,25,0.0
2000,11,26,0.0
2000,11,27,17.25
2000,11,28,6.98
2000,11,29,5.11
2000,11,30,0.02
2000,12,1,0.0
2000,12,2,0.0
2000,12,3,0.0
2000,12,4,0.0
2000,12,5,0.0
2000,12,6,0.0
2000,12,7,0.0
2000,12,8,0.0
2000,12,9,0.0
2000,12,10,0.0
2000,12,11,0.0
2000,12,12,0.0
2000,12,13,0.0
2000,12,14,0.0
2000,12,15,0.0
2000,12,16,0.0
2000,12,17,0.0
2000,12,18,0.0
2000,12,19,0.0
2000,12,20,0.0
2000,12,21,0.08
2000,12,22,0.0
2000,12,23,0.0
2000,12,24,0.0
2000,12,25,0.0
2000,12,26,0.0
2000,12,27,0.0
2000,12,28,0.0
2000,12,29,0.0
2000,12,30,0.0
2000,12,31,0.0
2001,1,1,0.0
2001,1,2,0.0
2001,1,3,0.0
2001,1,4,0.0
2001,1,5,0.0
2001,1,6,0.0
2001,1,7,0.0
2001,1,8,0.0
2001,1,9,0.0
2001,1,10,0.0
2001,1,11,0.0
2001,1,12,0.0
2001,1,13,0.0
2001,1,14,0.06
2001,1,15,0.06
2001,1,16,0.01
2001,1,17,0.0
2001,1,18,0.0
2001,1,19,0.0
2001,1,20,0.0
2001,1,21,0.0
2001,1,22,0.0
2001,1,23,0.0
2001,1,24,0.0
2001,1,25,0.0
2001,1,26,0.0
2001,1,27,0.0
2001,1,28,0.0
2001,1,29,0.0
2001,1,30,0.0
2001,1,31,0.0
2001,2,1,0.0
2001,2,2,0.01
2001,2,3,0.0
2001,2,4,0.0
2001,2,5,0.0
2001,2,6,0.0
2001,2,7,0.0
2001,2,8,0.0
2001,2,9,0.0
2001,2,10,0.0
2001,2,11,0.08
2001,2,12,0.01
2001,2,13,0.0
2001,2,14,0.0
2001,2,15,0.0
2001,2,16,0.0
2001,2,17,0.0
2001,2,18,0.0
2001,2,19,0.0
2001,2,20,0.14
2001,2,21,0.2
2001,2,22,0.21
2001,2,23,0.0
2001,2,24,0.0
2001,2,25,0.0
2001,2,26,0.02
2001,2,27,0.65
2001,2,28,1.05
2001,3,1,1.21
2001,3,2,0.0
2001,3,3,0.32
2001,3,4,0.19
2001,3,5,0.43
2001,3,6,0.07
2001,3,7,4.17
2001,3,8,4.45
2001,3,9,2.5
2001,3,10,4.15
2001,3,11,10.62
2001,3,12,0.83
2001,3,13,0.78
2001,3,14,0.21
2001,3,15,0.23
2001,3,16,0.92
2001,3,17,0.52
2001,3,18,0.11
2001,3,19,0.33
2001,3,20,0.49
2001,3,21,0.4
2001,3,22,0.13
2001,3,23,0.11
2001,3,24,0.13
2001,3,25,0.1
2001,3,26,0.21
2001,3,27,0.08
2001,3,28,0.1
2001,3,29,0.11
2001,3,30,0.17
2001,3,31,0.14
2001,4,1,21.76
2001,4,2,24.95
2001,4,3,12.41
2001,4,4,8.72
2001,4,5,23.98
2001,4,6,0.24
2001,4,7,0.18
2001,4,8,0.19
2001,4,9,0.19
2001,4,10,0.2
2001,4,11,19.87
2001,4,12,8.72
2001,4,13,18.04
2001,4,14,13.65
2001,4,15,10.08
2001,4,16,11.89
2001,4,17,10.55
2001,4,18,7.9
2001,4,19,5.09
2001,4,20,7.17
2001,4,21,5.24
2001,4,22,5.51
2001,4,23,6.43
2001,4,24,4.57
2001,4,25,10.63
2001,4,26,0.51
2001,4,27,1.31
2001,4,28,1.65
2001,4,29,0.55
2001,4,30,0.68
2001,5,1,2.14
2001,5,2,2.19
2001,5,3,2.3
2001,5,4,0.31
2001,5,5,3.04
2001,5,6,3.61
2001,5,7,4.36
2001,5,8,4.25
2001,5,9,3.12
2001,5,10,5.6
2001,5,11,7.25
2001,5,12,10.85
2001,5,13,8.06
2001,5,14,13.92
2001,5,15,2.14
2001,5,16,4.25
2001,5,17,6.44
2001,5,18,3.85
2001,5,19,4.03
2001,5,20,2.38
2001,5,21,1.19
2001,5,22,2.48
2001,5,23,2.44
2001,5,24,3.05
2001,5,25,1.64
2001,5,26,6.72
2001,5,27,3.77
2001,5,28,20.2
2001,5,29,15.72
2001,5,30,3.67
2001,5,31,19.36
2001,6,1,22.44
2001,6,2,12.53
2001,6,3,30.69
2001,6,4,32.47
2001,6,5,9.64
2001,6,6,5.57
2001,6,7,3.97
2001,6,8,1.48
2001,6,9,4.79
2001,6,10,6.94
2001,6,11,8.73
2001,6,12,8.98
2001,6,13,5.87
2001,6,14,6.29
2001,6,15,2.84
2001,6,16,2.79
2001,6,17,2.37
2001,6,18,0.99
2001,6,19,0.74
2001,6,20,10.98
2001,6,21,10.61
2001,6,22,9.99
2001,6,23,4.08
2001,6,24,3.19
2001,6,25,1.6
2001,6,26,4.41
2001,6,27,5.35
2001,6,28,10.07
2001,6,29,3.43
2001,6,30,5.28
2001,7,1,12.01
2001,7,2,7.68
2001,7,3,8.58
2001,7,4,6.24
2001,7,5,2.7
2001,7,6,2.93
2001,7,7,2.22
2001,7,8,3.4
2001,7,9,4.33
2001,7,10,7.04
2001,7,11,3.02
2001,7,12,1.45
2001,7,13,3.24
2001,7,14,3.29
2001,7,15,5.41
2001,7,16,9.34
2001,7,17,6.88
2001,7,18,2.01
2001,7,19,2.71
2001,7,20,2.36
2001,7,21,2.6
2001,7,22,0.27
2001,7,23,1.21
2001,7,24,1.42
2001,7,25,5.95
2001,7,26,13.73
2001,7,27,7.08
2001,7,28,10.21
2001,7,29,9.65
2001,7,30,0.91
2001,7,31,1.95
2001,8,1,1.45
2001,8,2,1.39
2001,8,3,2.29
2001,8,4,44.24
2001,8,5,12.38
2001,8,6,8.14
2001,8,7,23.68
2001,8,8,37.62
2001,8,9,5.11
2001,8,10,3.86
2001,8,11,5.96
2001,8,12,10.83
2001,8,13,11.72
2001,8,14,1.86
2001,8,15,1.5
2001,8,16,1.2
2001,8,17,1.07
2001,8,18,0.98
2001,8,19,1.69
2001,8,20,2.17
2001,8,21,1.61
2001,8,22,1.0
2001,8,23,1.26
2001,8,24,11.13
2001,8,25,10.77
2001,8,26,28.08
2001,8,27,10.09
2001,8,28,12.52
2001,8,29,3.82
2001,8,30,0.46
2001,8,31,0.47
2001,9,1,1.32
2001,9,2,1.67
2001,9,3,7.25
2001,9,4,5.45
2001,9,5,4.29
2001,9,6,5.59
2001,9,7,2.76
2001,9,8,26.96
2001,9,9,3.52
2001,9,10,10.08
2001,9,11,15.11
2001,9,12,28.87
2001,9,13,10.19
2001,9,14,4.61
2001,9,15,3.92
2001,9,16,6.03
2001,9,17,2.74
2001,9,18,7.94
2001,9,19,8.44
2001,9,20,11.08
2001,9,21,7.97
2001,9,22,6.71
2001,9,23,17.71
2001,9,24,4.35
2001,9,25,13.52
2001,9,26,43.45
2001,9,27,8.22
2001,9,28,3.79
2001,9,29,4.61
2001,9,30,5.03
2001,10,1,6.54
2001,10,2,6.68
2001,10,3,4.56
2001,10,4,10.72
2001,10,5,9.44
2001,10,6,8.54
2001,10,7,9.44
2001,10,8,3.76
2001,10,9,5.69
2001,10,10,2.88
2001,10,11,3.79
2001,10,12,3.79
2001,10,13,4.17
2001,10,14,5.21
2001,10,15,5.7
2001,10,16,11.09
2001,10,17,3.31
2001,10,18,0.05
2001,10,19,0.05
2001,10,20,0.01
2001,10,21,0.0
2001,10,22,0.01
2001,10,23,6.27
2001,10,24,5.87
2001,10,25,2.01
2001,10,26,5.24
2001,10,27,1.25
2001,10,28,2.61
2001,10,29,4.14
2001,10,30,7.21
2001,10,31,21.09
2001,11,1,6.19
2001,11,2,0.02
2001,11,3,0.05
2001,11,4,0.29
2001,11,5,0.92
2001,11,6,0.11
2001,11,7,6.81
2001,11,8,5.45
2001,11,9,11.23
2001,11,10,19.7
2001,11,11,26.4
2001,11,12,0.29
2001,11,13,0.04
2001,11,14,0.02
2001,11,15,0.03
2001,11,16,0.0
2001,11,17,0.01
2001,11,18,3.14
2001,11,19,2.32
2001,11,20,0.29
2001,11,21,0.01
2001,11,22,0.0
2001,11,23,0.0
2001,11,24,0.0
2001,11,25,0.0
2001,11,26,0.0
2001,11,27,0.0
2001,11,28,0.01
2001,11,29,0.02
2001,11,30,0.07
2001,12,1,0.07
2001,12,2,0.83
2001,12,3,0.07
2001,12,4,0.0
2001,12,5,0.0
2001,12,6,0.0
2001,12,7,0.0
2001,12,8,0.0
2001,12,9,0.03
2001,12,10,0.0
2001,12,11,0.0
2001,12,12,0.0
2001,12,13,0.0
2001,12,14,0.0
2001,12,15,0.0
2001,12,16,0.0
2001,12,17,0.0
2001,12,18,0.0
2001,12,19,0.0
2001,12,20,0.0
2001,12,21,0.0
2001,12,22,0.0
2001,12,23,0.0
2001,12,24,0.0
2001,12,25,0.0
2001,12,26,0.0
2001,12,27,0.0
2001,12,28,0.0
2001,12,29,0.0
2001,12,30,0.0
2001,12,31,0.0
2002,1,1,0.0
2002,1,2,0.0
2002,1,3,0.0
2002,1,4,0.0
2002,1,5,0.35
2002,1,6,0.11
2002,1,7,0.01
2002,1,8,0.0
2002,1,9,0.0
2002,1,10,0.0
2002,1,11,0.0
2002,1,12,0.0
2002,1,13,0.0
2002,1,14,0.0
2002,1,15,0.0
2002,1,16,0.0
2002,1,17,0.0
2002,1,18,0.0
2002,1,19,0.0
2002,1,20,0.0
2002,1,21,0.0
2002,1,22,0.0
2002,1,23,0.0
2002,1,24,0.0
2002,1,25,0.0
2002,1,26,0.0
2002,1,27,0.0
2002,1,28,0.0
2002,1,29,0.0
2002,1,30,0.0
2002,1,31,0.0
2002,2,1,0.0
2002,2,2,0.0
2002,2,3,0.0
2002,2,4,0.0
2002,2,5,0.0
2002,2,6,0.0
2002,2,7,0.0
2002,2,8,0.05
2002,2,9,0.0
2002,2,10,0.0
2002,2,11,0.0
2002,2,12,0.0
2002,2,13,0.0
2002,2,14,0.0
2002,2,15,0.0
2002,2,16,0.0
2002,2,17,0.0
2002,2,18,0.05
2002,2,19,0.03
2002,2,20,0.01
2002,2,21,0.03
2002,2,22,0.03
2002,2,23,0.03
2002,2,24,0.02
2002,2,25,0.23
2002,2,26,0.38
2002,2,27,0.26
2002,2,28,0.17
2002,3,1,0.49
2002,3,2,0.01
2002,3,3,0.0
2002,3,4,0.0
2002,3,5,0.01
2002,3,6,0.01
2002,3,7,0.0
2002,3,8,0.0
2002,3,9,0.0
2002,3,10,0.0
2002,3,11,0.0
2002,3,12,0.42
2002,3,13,0.38
2002,3,14,0.63
2002,3,15,0.64
2002,3,16,0.83
2002,3,17,3.13
2002,3,18,1.61
2002,3,19,4.26
2002,3,20,1.53
2002,3,21,0.11
2002,3,22,7.54
2002,3,23,5.4
2002,3,24,5.66
2002,3,25,6.43
2002,3,26,6.21
2002,3,27,1.05
2002,3,28,0.96
2002,3,29,0.82
2002,3,30,0.29
2002,3,31,0.85
2002,4,1,1.22
2002,4,2,1.42
2002,4,3,1.69
2002,4,4,1.41
2002,4,5,2.48
2002,4,6,6.14
2002,4,7,18.3
2002,4,8,8.84
2002,4,9,6.08
2002,4,10,8.34
2002,4,11,6.03
2002,4,12,7.56
2002,4,13,10.61
2002,4,14,11.14
2002,4,15,10.35
2002,4,16,2.38
2002,4,17,1.09
2002,4,18,4.57
2002,4,19,0.6
2002,4,20,3.33
2002,4,21,33.78
2002,4,22,16.03
2002,4,23,23.8
2002,4,24,12.32
2002,4,25,18.58
2002,4,26,15.9
2002,4,27,6.32
2002,4,28,12.4
2002,4,29,11.2
2002,4,30,19.66
2002,5,1,26.54
2002,5,2,11.0
2002,5,3,14.77
2002,5,4,17.71
2002,5,5,19.91
2002,5,6,1.4
2002,5,7,1.4
2002,5,8,2.51
2002,5,9,2.8
2002,5,10,2.23
2002,5,11,5.29
2002,5,12,3.4
2002,5,13,4.89
2002,5,14,6.63
2002,5,15,4.29
2002,5,16,2.04
2002,5,17,1.66
2002,5,18,2.6
2002,5,19,2.12
2002,5,20,1.32
2002,5,21,2.2
2002,5,22,0.74
2002,5,23,1.52
2002,5,24,2.33
2002,5,25,0.95
2002,5,26,1.46
2002,5,27,1.78
2002,5,28,2.12
2002,5,29,1.1
2002,5,30,1.35
2002,5,31,2.8
2002,6,1,5.29
2002,6,2,4.29
2002,6,3,16.04
2002,6,4,4.53
2002,6,5,3.79
2002,6,6,2.28
2002,6,7,1.81
2002,6,8,2.01
2002,6,9,7.67
2002,6,10,0.67
2002,6,11,0.59
2002,6,12,0.22
2002,6,13,0.25
2002,6,14,0.76
2002,6,15,4.26
2002,6,16,2.66
2002,6,17,1.67
2002,6,18,2.81
2002,6,19,1.28
2002,6,20,0.39
2002,6,21,0.43
2002,6,22,0.41
2002,6,23,0.76
2002,6,24,0.47
2002,6,25,4.41
2002,6,26,3.95
2002,6,27,6.91
2002,6,28,4.94
2002,6,29,3.98
2002,6,30,0.91
2002,7,1,1.26
2002,7,2,2.43
2002,7,3,1.12
2002,7,4,0.27
2002,7,5,3.85
2002,7,6,3.11
2002,7,7,2.47
2002,7,8,3.28
2002,7,9,2.57
2002,7,10,4.84
2002,7,11,6.28
2002,7,12,4.3
2002,7,13,2.52
2002,7,14,12.36
2002,7,15,18.07
2002,7,16,18.48
2002,7,17,13.88
2002,7,18,11.35
2002,7,19,8.97
2002,7,20,30.61
2002,7,21,25.16
2002,7,22,22.4
2002,7,23,29.05
2002,7,24,26.54
2002,7,25,22.95
2002,7,26,10.33
2002,7,27,26.25
2002,7,28,9.83
2002,7,29,13.58
2002,7,30,6.9
2002,7,31,11.42
2002,8,1,5.81
2002,8,2,5.56
2002,8,3,3.34
2002,8,4,7.84
2002,8,5,8.77
2002,8,6,20.48
2002,8,7,2.65
2002,8,8,3.14
2002,8,9,3.67
2002,8,10,6.89
2002,8,11,2.48
2002,8,12,2.57
2002,8,13,5.22
2002,8,14,4.45
2002,8,15,4.97
2002,8,16,6.42
2002,8,17,7.14
2002,8,18,5.33
2002,8,19,7.54
2002,8,20,5.49
2002,8,21,13.18
2002,8,22,7.11
2002,8,23,3.75
2002,8,24,10.8
2002,8,25,8.39
2002,8,26,9.94
2002,8,27,14.79
2002,8,28,4.51
2002,8,29,20.69
2002,8,30,20.23
2002,8,31,8.02
2002,9,1,10.02
2002,9,2,12.05
2002,9,3,5.9
2002,9,4,5.26
2002,9,5,5.94
2002,9,6,10.02
2002,9,7,4.54
2002,9,8,8.75
2002,9,9,17.54
2002,9,10,4.96
2002,9,11,7.08
2002,9,12,9.8
2002,9,13,8.03
2002,9,14,5.62
2002,9,15,3.19
2002,9,16,3.21
2002,9,17,7.96
2002,9,18,11.47
2002,9,19,8.02
2002,9,20,6.02
2002,9,21,3.96
2002,9,22,7.27
2002,9,23,9.45
2002,9,24,6.09
2002,9,25,3.14
2002,9,26,4.97
2002,9,27,4.85
2002,9,28,2.37
2002,9,29,2.68
2002,9,30,0.91
2002,10,1,2.69
2002,10,2,3.53
2002,10,3,7.7
2002,10,4,2.31
2002,10,5,5.44
2002,10,6,6.7
2002,10,7,2.43
2002,10,8,11.02
2002,10,9,14.05
2002,10,10,9.08
2002,10,11,8.16
2002,10,12,14.26
2002,10,13,6.51
2002,10,14,8.92
2002,10,15,5.73
2002,10,16,8.53
2002,10,17,9.01
2002,10,18,7.11
2002,10,19,5.9
2002,10,20,9.41
2002,10,21,9.81
2002,10,22,7.02
2002,10,23,3.53
2002,10,24,3.09
2002,10,25,3.07
2002,10,26,1.65
2002,10,27,2.25
2002,10,28,1.13
2002,10,29,0.8
2002,10,30,1.12
2002,10,31,1.42
2002,11,1,0.95
2002,11,2,0.42
2002,11,3,0.56
2002,11,4,0.57
2002,11,5,0.55
2002,11,6,0.29
2002,11,7,0.11
2002,11,8,1.15
2002,11,9,0.75
2002,11,10,2.62
2002,11,11,0.33
2002,11,12,0.14
2002,11,13,0.23
2002,11,14,1.96
2002,11,15,0.9
2002,11,16,0.82
2002,11,17,0.03
2002,11,18,0.01
2002,11,19,0.01
2002,11,20,0.02
2002,11,21,0.01
2002,11,22,0.0
2002,11,23,0.0
2002,11,24,0.0
2002,11,25,0.0
2002,11,26,0.0
2002,11,27,0.12
2002,11,28,0.0
2002,11,29,0.12
2002,11,30,0.0
2002,12,1,0.0
2002,12,2,0.0
2002,12,3,0.0
2002,12,4,0.0
2002,12,5,0.0
2002,12,6,0.0
2002,12,7,0.0
2002,12,8,0.0
2002,12,9,0.0
2002,12,10,0.0
2002,12,11,0.0
2002,12,12,0.01
2002,12,13,0.01
2002,12,14,0.0
2002,12,15,0.0
2002,12,16,0.0
2002,12,17,0.0
2002,12,18,0.0
2002,12,19,0.0
2002,12,20,0.0
2002,12,21,0.0
2002,12,22,0.0
2002,12,23,0.0
2002,12,24,0.0
2002,12,25,0.0
2002,12,26,0.0
2002,12,27,0.0
2002,12,28,0.0
2002,12,29,0.0
2002,12,30,0.0
2002,12,31,0.0
2003,1,1,0.0
2003,1,2,0.0
2003,1,3,0.0
2003,1,4,0.0
2003,1,5,0.0
2003,1,6,0.0
2003,1,7,0.0
2003,1,8,0.0
2003,1,9,0.0
2003,1,10,0.07
2003,1,11,0.0
2003,1,12,0.0
2003,1,13,0.0
2003,1,14,0.0
2003,1,15,0.0
2003,1,16,0.06
2003,1,17,0.02
2003,1,18,0.05
2003,1,19,0.04
2003,1,20,0.07
2003,1,21,0.0
2003,1,22,0.0
2003,1,23,0.0
2003,1,24,0.0
2003,1,25,0.0
2003,1,26,7.35
2003,1,27,8.6
2003,1,28,6.26
2003,1,29,0.0
2003,1,30,0.0
2003,1,31,0.0
2003,2,1,0.0
2003,2,2,0.0
2003,2,3,0.0
2003,2,4,0.0
2003,2,5,0.0
2003,2,6,0.02
2003,2,7,0.0
2003,2,8,0.0
2003,2,9,1.59
2003,2,10,0.05
2003,2,11,0.01
2003,2,12,0.08
2003,2,13,0.1
2003,2,14,0.1
2003,2,15,2.05
2003,2,16,1.77
2003,2,17,2.34
2003,2,18,2.04
2003,2,19,4.28
2003,2,20,6.06
2003,2,21,9.64
2003,2,22,8.88
2003,2,23,7.59
2003,2,24,0.52
2003,2,25,0.84
2003,2,26,0.61
2003,2,27,0.55
2003,2,28,0.34
2003,3,1,1.05
2003,3,2,0.16
2003,3,3,0.0
2003,3,4,0.0
2003,3,5,0.0
2003,3,6,0.28
2003,3,7,0.73
2003,3,8,0.78
2003,3,9,1.07
2003,3,10,0.49
2003,3,11,1.12
2003,3,12,0.01
2003,3,13,0.0
2003,3,14,0.0
2003,3,15,0.0
2003,3,16,0.0
2003,3,17,0.02
2003,3,18,0.22
2003,3,19,0.12
2003,3,20,0.3
2003,3,21,0.14
2003,3,22,0.05
2003,3,23,0.04
2003,3,24,0.04
2003,3,25,0.04
2003,3,26,0.03
2003,3,27,0.5
2003,3,28,0.38
2003,3,29,0.89
2003,3,30,0.49
2003,3,31,0.75
2003,4,1,0.44
2003,4,2,1.14
2003,4,3,1.36
2003,4,4,1.2
2003,4,5,0.58
2003,4,6,8.62
2003,4,7,6.81
2003,4,8,2.68
2003,4,9,5.5
2003,4,10,1.53
2003,4,11,19.71
2003,4,12,12.78
2003,4,13,17.57
2003,4,14,26.17
2003,4,15,5.67
2003,4,16,3.03
2003,4,17,6.12
2003,4,18,5.69
2003,4,19,8.0
2003,4,20,3.12
2003,4,21,1.12
2003,4,22,1.06
2003,4,23,1.65
2003,4,24,1.42
2003,4,25,0.9
2003,4,26,0.3
2003,4,27,0.14
2003,4,28,0.19
2003,4,29,0.48
2003,4,30,0.22
2003,5,1,0.3
2003,5,2,0.42
2003,5,3,0.52
2003,5,4,0.8
2003,5,5,0.51
2003,5,6,1.45
2003,5,7,0.75
2003,5,8,1.48
2003,5,9,1.54
2003,5,10,1.54
2003,5,11,16.34
2003,5,12,12.04
2003,5,13,14.83
2003,5,14,12.44
2003,5,15,20.01
2003,5,16,2.75
2003,5,17,2.27
2003,5,18,1.05
2003,5,19,1.57
2003,5,20,0.87
2003,5,21,4.31
2003,5,22,3.11
2003,5,23,3.14
2003,5,24,3.15
2003,5,25,4.76
2003,5,26,4.89
2003,5,27,8.18
2003,5,28,12.63
2003,5,29,19.46
2003,5,30,24.74
2003,5,31,3.2
2003,6,1,1.81
2003,6,2,1.08
2003,6,3,1.48
2003,6,4,0.89
2003,6,5,2.05
2003,6,6,4.05
2003,6,7,1.71
2003,6,8,3.14
2003,6,9,2.21
2003,6,10,4.04
2003,6,11,3.26
2003,6,12,5.73
2003,6,13,4.9
2003,6,14,8.8
2003,6,15,4.23
2003,6,16,3.37
2003,6,17,2.23
2003,6,18,4.5
2003,6,19,5.08
2003,6,20,3.33
2003,6,21,3.64
2003,6,22,6.18
2003,6,23,11.23
2003,6,24,5.76
2003,6,25,4.72
2003,6,26,2.55
2003,6,27,2.93
2003,6,28,2.46
2003,6,29,4.21
2003,6,30,15.12
2003,7,1,10.6
2003,7,2,18.09
2003,7,3,12.7
2003,7,4,0.67
2003,7,5,0.52
2003,7,6,1.44
2003,7,7,1.48
2003,7,8,3.17
2003,7,9,1.58
2003,7,10,2.06
2003,7,11,3.41
2003,7,12,3.1
2003,7,13,5.17
2003,7,14,3.29
2003,7,15,1.55
2003,7,16,1.68
2003,7,17,1.86
2003,7,18,1.12
2003,7,19,2.89
2003,7,20,2.87
2003,7,21,1.58
2003,7,22,1.66
2003,7,23,2.07
2003,7,24,1.68
2003,7,25,2.08
2003,7,26,2.69
2003,7,27,1.51
2003,7,28,2.59
2003,7,29,2.06
2003,7,30,2.75
2003,7,31,5.47
2003,8,1,4.68
2003,8,2,3.12
2003,8,3,3.35
2003,8,4,1.99
2003,8,5,4.98
2003,8,6,4.34
2003,8,7,1.32
2003,8,8,2.61
2003,8,9,3.95
2003,8,10,5.13
2003,8,11,9.48
2003,8,12,7.49
2003,8,13,7.0
2003,8,14,1.25
2003,8,15,1.34
2003,8,16,1.64
2003,8,17,3.44
2003,8,18,1.56
2003,8,19,2.45
2003,8,20,1.96
2003,8,21,3.61
2003,8,22,2.25
2003,8,23,1.94
2003,8,24,9.85
2003,8,25,5.57
2003,8,26,3.42
2003,8,27,4.56
2003,8,28,6.84
2003,8,29,4.94
2003,8,30,9.35
2003,8,31,6.24
2003,9,1,9.57
2003,9,2,13.96
2003,9,3,4.8
2003,9,4,4.66
2003,9,5,5.71
2003,9,6,20.97
2003,9,7,7.24
2003,9,8,4.91
2003,9,9,3.4
2003,9,10,3.73
2003,9,11,5.72
2003,9,12,7.64
2003,9,13,9.78
2003,9,14,1.03
2003,9,15,9.44
2003,9,16,2.78
2003,9,17,6.55
2003,9,18,7.26
2003,9,19,14.72
2003,9,20,7.9
2003,9,21,5.06
2003,9,22,8.69
2003,9,23,7.18
2003,9,24,11.33
2003,9,25,8.46
2003,9,26,11.01
2003,9,27,4.95
2003,9,28,9.0
2003,9,29,15.7
2003,9,30,18.81
2003,10,1,8.32
2003,10,2,8.86
2003,10,3,8.11
2003,10,4,7.09
2003,10,5,13.1
2003,10,6,10.99
2003,10,7,6.57
2003,10,8,2.08
2003,10,9,2.44
2003,10,10,2.6
2003,10,11,2.55
2003,10,12,4.7
2003,10,13,15.55
2003,10,14,6.89
2003,10,15,9.37
2003,10,16,7.31
2003,10,17,8.44
2003,10,18,3.22
2003,10,19,2.42
2003,10,20,2.84
2003,10,21,4.5
2003,10,22,3.13
2003,10,23,18.16
2003,10,24,18.31
2003,10,25,23.84
2003,10,26,25.9
2003,10,27,15.8
2003,10,28,4.35
2003,10,29,7.51
2003,10,30,7.89
2003,10,31,11.02
2003,11,1,3.75
2003,11,2,0.22
2003,11,3,0.26
2003,11,4,0.51
2003,11,5,0.6
2003,11,6,0.19
2003,11,7,0.31
2003,11,8,0.38
2003,11,9,0.65
2003,11,10,0.14
2003,11,11,0.28
2003,11,12,0.61
2003,11,13,0.9
2003,11,14,0.2
2003,11,15,0.17
2003,11,16,0.01
2003,11,17,0.04
2003,11,18,0.04
2003,11,19,0.0
2003,11,20,0.0
2003,11,21,0.0
2003,11,22,0.0
2003,11,23,0.01
2003,11,24,0.01
2003,11,25,0.05
2003,11,26,0.02
2003,11,27,0.0
2003,11,28,0.0
2003,11,29,0.0
2003,11,30,0.0
2003,12,1,0.01
2003,12,2,0.0
2003,12,3,0.0
2003,12,4,0.0
2003,12,5,0.0
2003,12,6,0.0
2003,12,7,0.0
2003,12,8,0.0
2003,12,9,0.0
2003,12,10,0.02
2003,12,11,3.97
2003,12,12,0.14
2003,12,13,0.17
2003,12,14,0.17
2003,12,15,0.01
2003,12,16,0.0
2003,12,17,0.0
2003,12,18,0.0
2003,12,19,0.0
2003,12,20,0.0
2003,12,21,0.0
2003,12,22,0.0
2003,12,23,0.0
2003,12,24,0.0
2003,12,25,0.0
2003,12,26,0.0
2003,12,27,0.0
2003,12,28,0.0
2003,12,29,0.0
2003,12,30,0.0
2003,12,31,0.0
2004,1,1,0.0
2004,1,2,0.0
2004,1,3,0.08
2004,1,4,0.03
2004,1,5,0.01
2004,1,6,3.64
2004,1,7,1.7
2004,1,8,0.03
2004,1,9,0.0
2004,1,10,0.0
2004,1,11,0.0
2004,1,12,0.0
2004,1,13,0.0
2004,1,14,0.0
2004,1,15,0.05
2004,1,16,0.31
2004,1,17,0.01
2004,1,18,0.11
2004,1,19,3.39
2004,1,20,2.23
2004,1,21,0.05
2004,1,22,0.0
2004,1,23,0.0
2004,1,24,0.0
2004,1,25,0.0
2004,1,26,0.0
2004,1,27,0.0
2004,1,28,0.0
2004,1,29,0.0
2004,1,30,0.0
2004,1,31,0.0
2004,2,1,0.0
2004,2,2,0.0
2004,2,3,0.0
2004,2,4,0.0
2004,2,5,0.0
2004,2,6,0.0
2004,2,7,0.0
2004,2,8,0.0
2004,2,9,0.0
2004,2,10,0.0
2004,2,11,0.0
2004,2,12,0.03
2004,2,13,0.14
2004,2,14,0.33
2004,2,15,0.0
2004,2,16,0.0
2004,2,17,0.0
2004,2,18,0.0
2004,2,19,0.0
2004,2,20,0.0
2004,2,21,0.0
2004,2,22,0.05
2004,2,23,0.46
2004,2,24,0.04
2004,2,25,0.03
2004,2,26,0.05
2004,2,27,0.08
2004,2,28,0.07
2004,2,29,0.06
2004,3,1,0.05
2004,3,2,0.44
2004,3,3,0.32
2004,3,4,0.72
2004,3,5,0.15
2004,3,6,0.0
2004,3,7,0.0
2004,3,8,0.0
2004,3,9,0.0
2004,3,10,0.0
2004,3,11,0.0
2004,3,12,0.0
2004,3,13,0.0
2004,3,14,0.0
2004,3,15,0.0
2004,3,16,0.0
2004,3,17,0.76
2004,3,18,0.25
2004,3,19,0.02
2004,3,20,0.12
2004,3,21,0.01
2004,3,22,0.0
2004,3,23,0.01
2004,3,24,0.0
2004,3,25,0.0
2004,3,26,0.01
2004,3,27,0.2
2004,3,28,0.26
2004,3,29,0.3
2004,3,30,0.23
2004,3,31,0.21
2004,4,1,2.73
2004,4,2,4.01
2004,4,3,1.92
2004,4,4,2.18
2004,4,5,2.25
2004,4,6,1.24
2004,4,7,2.52
2004,4,8,1.35
2004,4,9,1.13
2004,4,10,0.83
2004,4,11,2.22
2004,4,12,5.24
2004,4,13,2.54
2004,4,14,1.86
2004,4,15,5.28
2004,4,16,0.12
2004,4,17,0.5
2004,4,18,0.45
2004,4,19,1.16
2004,4,20,0.26
2004,4,21,8.97
2004,4,22,6.85
2004,4,23,6.2
2004,4,24,7.38
2004,4,25,6.33
2004,4,26,17.28
2004,4,27,4.69
2004,4,28,13.58
2004,4,29,2.33
2004,4,30,5.11
2004,5,1,2.88
2004,5,2,2.02
2004,5,3,4.09
2004,5,4,6.05
2004,5,5,5.79
2004,5,6,12.38
2004,5,7,5.07
2004,5,8,6.26
2004,5,9,8.01
2004,5,10,11.87
2004,5,11,8.63
2004,5,12,18.29
2004,5,13,16.02
2004,5,14,6.83
2004,5,15,12.52
2004,5,16,2.47
2004,5,17,5.13
2004,5,18,4.09
2004,5,19,1.89
2004,5,20,3.16
2004,5,21,1.49
2004,5,22,2.7
2004,5,23,2.28
2004,5,24,1.62
2004,5,25,2.51
2004,5,26,9.62
2004,5,27,23.79
2004,5,28,6.96
2004,5,29,9.07
2004,5,30,8.29
2004,5,31,6.77
2004,6,1,6.73
2004,6,2,4.69
2004,6,3,8.61
2004,6,4,3.44
2004,6,5,4.57
2004,6,6,12.15
2004,6,7,6.43
2004,6,8,8.61
2004,6,9,11.4
2004,6,10,2.44
2004,6,11,2.81
2004,6,12,2.93
2004,6,13,2.32
2004,6,14,1.47
2004,6,15,9.63
2004,6,16,16.8
2004,6,17,15.56
2004,6,18,20.41
2004,6,19,16.94
2004,6,20,7.71
2004,6,21,3.16
2004,6,22,7.81
2004,6,23,6.89
2004,6,24,15.93
2004,6,25,2.93
2004,6,26,2.2
2004,6,27,2.38
2004,6,28,2.24
2004,6,29,3.2
2004,6,30,3.22
2004,7,1,4.71
2004,7,2,4.82
2004,7,3,4.79
2004,7,4,4.5
2004,7,5,0.95
2004,7,6,1.15
2004,7,7,1.59
2004,7,8,4.16
2004,7,9,0.77
2004,7,10,1.81
2004,7,11,2.2
2004,7,12,1.23
2004,7,13,0.92
2004,7,14,1.08
2004,7,15,2.92
2004,7,16,3.19
2004,7,17,6.26
2004,7,18,2.89
2004,7,19,4.11
2004,7,20,3.1
2004,7,21,6.76
2004,7,22,6.04
2004,7,23,4.57
2004,7,24,8.62
2004,7,25,7.93
2004,7,26,4.57
2004,7,27,7.48
2004,7,28,4.47
2004,7,29,6.85
2004,7,30,20.58
2004,7,31,18.84
2004,8,1,7.92
2004,8,2,14.77
2004,8,3,10.28
2004,8,4,5.12
2004,8,5,7.29
2004,8,6,3.96
2004,8,7,1.15
2004,8,8,3.58
2004,8,9,8.02
2004,8,10,7.16
2004,8,11,12.13
2004,8,12,7.09
2004,8,13,2.83
2004,8,14,2.57
2004,8,15,1.63
2004,8,16,1.66
2004,8,17,1.24
2004,8,18,2.09
2004,8,19,5.0
2004,8,20,4.07
2004,8,21,2.97
2004,8,22,2.99
2004,8,23,4.32
2004,8,24,3.99
2004,8,25,2.84
2004,8,26,1.48
2004,8,27,1.41
2004,8,28,1.29
2004,8,29,5.28
2004,8,30,9.08
2004,8,31,4.19
2004,9,1,4.53
2004,9,2,7.44
2004,9,3,5.72
2004,9,4,2.67
2004,9,5,4.74
2004,9,6,5.09
2004,9,7,5.38
2004,9,8,1.98
2004,9,9,3.04
2004,9,10,3.75
2004,9,11,1.49
2004,9,12,1.93
2004,9,13,26.01
2004,9,14,14.69
2004,9,15,10.69
2004,9,16,13.07
2004,9,17,11.6
2004,9,18,17.1
2004,9,19,11.55
2004,9,20,18.18
2004,9,21,9.93
2004,9,22,12.91
2004,9,23,9.96
2004,9,24,5.31
2004,9,25,6.84
2004,9,26,8.75
2004,9,27,4.62
2004,9,28,5.89
2004,9,29,5.1
2004,9,30,9.77
2004,10,1,12.56
2004,10,2,4.11
2004,10,3,7.75
2004,10,4,7.29
2004,10,5,4.16
2004,10,6,5.6
2004,10,7,4.44
2004,10,8,2.76
2004,10,9,2.65
2004,10,10,3.17
2004,10,11,1.53
2004,10,12,3.85
2004,10,13,2.58
2004,10,14,1.76
2004,10,15,2.41
2004,10,16,1.46
2004,10,17,1.41
2004,10,18,0.69
2004,10,19,0.88
2004,10,20,0.79
2004,10,21,0.86
2004,10,22,0.24
2004,10,23,7.08
2004,10,24,8.28
2004,10,25,4.77
2004,10,26,2.59
2004,10,27,6.13
2004,10,28,0.65
2004,10,29,0.29
2004,10,30,0.5
2004,10,31,0.67
2004,11,1,0.29
2004,11,2,1.72
2004,11,3,3.49
2004,11,4,4.52
2004,11,5,2.49
2004,11,6,1.1
2004,11,7,1.78
2004,11,8,1.82
2004,11,9,1.24
2004,11,10,2.58
2004,11,11,3.28
2004,11,12,10.12
2004,11,13,8.51
2004,11,14,2.97
2004,11,15,2.55
2004,11,16,2.57
2004,11,17,0.13
2004,11,18,0.13
2004,11,19,0.18
2004,11,20,0.11
2004,11,21,0.03
2004,11,22,0.01
2004,11,23,0.0
2004,11,24,0.0
2004,11,25,0.13
2004,11,26,0.0
2004,11,27,0.0
2004,11,28,0.0
2004,11,29,0.0
2004,11,30,0.0
2004,12,1,0.0
2004,12,2,0.0
2004,12,3,0.0
2004,12,4,0.0
2004,12,5,0.0
2004,12,6,0.0
2004,12,7,0.0
2004,12,8,0.0
2004,12,9,0.0
2004,12,10,0.0
2004,12,11,0.0
2004,12,12,0.01
2004,12,13,0.0
2004,12,14,0.02
2004,12,15,0.0
2004,12,16,0.0
2004,12,17,0.0
2004,12,18,0.0
2004,12,19,0.0
2004,12,20,0.0
2004,12,21,0.01
2004,12,22,0.0
2004,12,23,0.0
2004,12,24,0.0
2004,12,25,0.0
2004,12,26,0.0
2004,12,27,0.0
2004,12,28,0.0
2004,12,29,0.0
2004,12,30,0.0
2004,12,31,0.0
2005,1,1,0.02
2005,1,2,0.01
2005,1,3,0.0
2005,1,4,0.0
2005,1,5,0.0
2005,1,6,0.0
2005,1,7,0.0
2005,1,8,0.0
2005,1,9,0.0
2005,1,10,0.0
2005,1,11,0.0
2005,1,12,0.0
2005,1,13,0.0
2005,1,14,0.0
2005,1,15,0.0
2005,1,16,0.0
2005,1,17,0.0
2005,1,18,0.0
2005,1,19,0.0
2005,1,20,0.0
2005,1,21,0.0
2005,1,22,0.0
2005,1,23,0.0
2005,1,24,0.0
2005,1,25,0.0
2005,1,26,0.0
2005,1,27,0.1
2005,1,28,0.9
2005,1,29,0.61
2005,1,30,0.54
2005,1,31,0.01
2005,2,1,0.0
2005,2,2,0.01
2005,2,3,0.05
2005,2,4,0.12
2005,2,5,0.24
2005,2,6,0.09
2005,2,7,0.05
2005,2,8,0.07
2005,2,9,0.1
2005,2,10,0.01
2005,2,11,0.01
2005,2,12,0.0
2005,2,13,0.0
2005,2,14,0.0
2005,2,15,0.0
2005,2,16,0.0
2005,2,17,0.0
2005,2,18,0.0
2005,2,19,0.0
2005,2,20,0.74
2005,2,21,0.46
2005,2,22,0.87
2005,2,23,0.41
2005,2,24,0.97
2005,2,25,0.51
2005,2,26,0.28
2005,2,27,0.3
2005,2,28,0.32
2005,3,1,0.42
2005,3,2,0.36
2005,3,3,0.22
2005,3,4,0.29
2005,3,5,0.34
2005,3,6,0.25
2005,3,7,3.23
2005,3,8,3.7
2005,3,9,8.06
2005,3,10,4.28
2005,3,11,3.07
2005,3,12,0.05
2005,3,13,0.03
2005,3,14,0.03
2005,3,15,0.02
2005,3,16,0.02
2005,3,17,2.73
2005,3,18,4.06
2005,3,19,0.74
2005,3,20,2.86
2005,3,21,2.45
2005,3,22,0.03
2005,3,23,0.02
2005,3,24,0.0
2005,3,25,0.01
2005,3,26,0.01
2005,3,27,1.05
2005,3,28,1.54
2005,3,29,1.02
2005,3,30,1.35
2005,3,31,1.79
2005,4,1,0.04
2005,4,2,0.05
2005,4,3,0.04
2005,4,4,0.04
2005,4,5,0.04
2005,4,6,0.21
2005,4,7,0.33
2005,4,8,0.29
2005,4,9,0.17
2005,4,10,0.21
2005,4,11,1.5
2005,4,12,3.16
2005,4,13,2.57
2005,4,14,3.89
2005,4,15,1.63
2005,4,16,1.79
2005,4,17,4.19
2005,4,18,3.05
2005,4,19,2.94
2005,4,20,5.96
2005,4,21,8.44
2005,4,22,10.04
2005,4,23,9.13
2005,4,24,14.15
2005,4,25,6.95
2005,4,26,2.33
2005,4,27,1.54
2005,4,28,0.9
2005,4,29,2.85
2005,4,30,1.44
2005,5,1,1.27
2005,5,2,2.87
2005,5,3,4.6
2005,5,4,12.17
2005,5,5,6.58
2005,5,6,2.84
2005,5,7,3.68
2005,5,8,7.19
2005,5,9,4.25
2005,5,10,6.83
2005,5,11,0.6
2005,5,12,0.56
2005,5,13,0.42
2005,5,14,0.68
2005,5,15,0.41
2005,5,16,0.96
2005,5,17,0.84
2005,5,18,0.7
2005,5,19,0.56
2005,5,20,0.64
2005,5,21,1.97
2005,5,22,2.9
2005,5,23,0.41
2005,5,24,1.16
2005,5,25,1.81
2005,5,26,4.15
2005,5,27,5.3
2005,5,28,1.54
2005,5,29,1.6
2005,5,30,2.22
2005,5,31,1.97
2005,6,1,1.39
2005,6,2,1.93
2005,6,3,2.83
2005,6,4,5.73
2005,6,5,8.97
2005,6,6,3.65
2005,6,7,2.2
2005,6,8,6.02
2005,6,9,7.13
2005,6,10,2.61
2005,6,11,2.68
2005,6,12,3.02
2005,6,13,1.32
2005,6,14,1.89
2005,6,15,7.69
2005,6,16,8.87
2005,6,17,13.79
2005,6,18,14.06
2005,6,19,9.06
2005,6,20,3.26
2005,6,21,2.37
2005,6,22,2.07
2005,6,23,2.1
2005,6,24,3.91
2005,6,25,8.97
2005,6,26,3.58
2005,6,27,1.15
2005,6,28,2.06
2005,6,29,3.09
2005,6,30,10.89
2005,7,1,13.97
2005,7,2,13.77
2005,7,3,10.46
2005,7,4,8.8
2005,7,5,0.64
2005,7,6,0.43
2005,7,7,0.16
2005,7,8,0.14
2005,7,9,0.39
2005,7,10,4.05
2005,7,11,0.62
2005,7,12,1.59
2005,7,13,5.17
2005,7,14,3.05
2005,7,15,1.25
2005,7,16,1.16
2005,7,17,0.95
2005,7,18,0.67
2005,7,19,0.95
2005,7,20,4.02
2005,7,21,4.99
2005,7,22,3.98
2005,7,23,3.89
2005,7,24,3.02
2005,7,25,1.23
2005,7,26,1.24
2005,7,27,0.9
2005,7,28,1.27
2005,7,29,1.96
2005,7,30,0.36
2005,7,31,0.53
2005,8,1,0.24
2005,8,2,0.2
2005,8,3,0.46
2005,8,4,2.34
2005,8,5,2.94
2005,8,6,5.16
2005,8,7,5.62
2005,8,8,3.32
2005,8,9,2.6
2005,8,10,1.46
2005,8,11,1.4
2005,8,12,4.2
2005,8,13,7.06
2005,8,14,5.73
2005,8,15,6.52
2005,8,16,1.15
2005,8,17,1.51
2005,8,18,1.22
2005,8,19,6.5
2005,8,20,1.51
2005,8,21,1.57
2005,8,22,3.21
2005,8,23,5.83
2005,8,24,9.84
2005,8,25,14.75
2005,8,26,12.34
2005,8,27,9.95
2005,8,28,15.79
2005,8,29,3.73
2005,8,30,2.34
2005,8,31,1.96
2005,9,1,2.09
2005,9,2,1.44
2005,9,3,8.27
2005,9,4,10.14
2005,9,5,8.52
2005,9,6,11.22
2005,9,7,8.74
2005,9,8,8.59
2005,9,9,8.72
2005,9,10,8.26
2005,9,11,16.36
2005,9,12,4.92
2005,9,13,28.03
2005,9,14,26.36
2005,9,15,10.7
2005,9,16,9.68
2005,9,17,14.71
2005,9,18,7.87
2005,9,19,16.19
2005,9,20,9.52
2005,9,21,20.3
2005,9,22,3.8
2005,9,23,15.45
2005,9,24,15.62
2005,9,25,13.51
2005,9,26,6.74
2005,9,27,8.05
2005,9,28,4.32
2005,9,29,2.54
2005,9,30,4.4
2005,10,1,6.89
2005,10,2,3.48
2005,10,3,26.11
2005,10,4,5.83
2005,10,5,4.09
2005,10,6,8.86
2005,10,7,7.39
2005,10,8,3.41
2005,10,9,2.44
2005,10,10,2.49
2005,10,11,2.12
2005,10,12,0.97
2005,10,13,4.45
2005,10,14,9.01
2005,10,15,12.41
2005,10,16,12.01
2005,10,17,14.59
2005,10,18,11.56
2005,10,19,7.16
2005,10,20,3.06
2005,10,21,4.03
2005,10,22,4.13
2005,10,23,2.35
2005,10,24,3.2
2005,10,25,3.96
2005,10,26,1.71
2005,10,27,0.96
2005,10,28,1.66
2005,10,29,1.17
2005,10,30,2.59
2005,10,31,5.11
2005,11,1,6.64
2005,11,2,3.41
2005,11,3,3.39
2005,11,4,3.5
2005,11,5,2.86
2005,11,6,0.41
2005,11,7,0.0
2005,11,8,0.0
2005,11,9,0.0
2005,11,10,0.0
2005,11,11,0.0
2005,11,12,0.0
2005,11,13,0.0
2005,11,14,0.0
2005,11,15,0.0
2005,11,16,0.0
2005,11,17,0.0
2005,11,18,0.0
2005,11,19,0.0
2005,11,20,0.0
2005,11,21,0.0
2005,11,22,0.01
2005,11,23,0.17
2005,11,24,0.05
2005,11,25,0.22
2005,11,26,0.38
2005,11,27,0.2
2005,11,28,0.29
2005,11,29,0.2
2005,11,30,0.19
2005,12,1,0.27
2005,12,2,0.0
2005,12,3,0.0
2005,12,4,0.0
2005,12,5,0.0
2005,12,6,0.0
2005,12,7,0.0
2005,12,8,0.0
2005,12,9,0.0
2005,12,10,0.0
2005,12,11,0.0
2005,12,12,0.0
2005,12,13,0.0
2005,12,14,0.0
2005,12,15,0.0
2005,12,16,0.0
2005,12,17,0.0
2005,12,18,0.0
2005,12,19,0.0
2005,12,20,0.0
2005,12,21,0.0
2005,12,22,0.0
2005,12,23,0.0
2005,12,24,0.0
2005,12,25,0.0
2005,12,26,0.0
2005,12,27,0.0
2005,12,28,0.0
2005,12,29,0.0
2005,12,30,0.0
2005,12,31,0.0
2006,1,1,0.0
2006,1,2,0.0
2006,1,3,0.0
2006,1,4,0.0
2006,1,5,0.0
2006,1,6,0.0
2006,1,7,0.0
2006,1,8,0.0
2006,1,9,0.0
2006,1,10,0.0
2006,1,11,0.0
2006,1,12,0.0
2006,1,13,0.0
2006,1,14,0.0
2006,1,15,0.0
2006,1,16,0.0
2006,1,17,0.67
2006,1,18,0.3
2006,1,19,1.26
2006,1,20,2.89
2006,1,21,0.29
2006,1,22,0.62
2006,1,23,0.58
2006,1,24,1.6
2006,1,25,1.8
2006,1,26,0.03
2006,1,27,0.01
2006,1,28,0.0
2006,1,29,0.0
2006,1,30,0.0
2006,1,31,1.8
2006,2,1,1.96
2006,2,2,2.97
2006,2,3,2.08
2006,2,4,1.42
2006,2,5,0.0
2006,2,6,0.0
2006,2,7,0.0
2006,2,8,0.0
2006,2,9,0.0
2006,2,10,0.04
2006,2,11,0.29
2006,2,12,0.37
2006,2,13,0.56
2006,2,14,0.64
2006,2,15,0.95
2006,2,16,0.6
2006,2,17,0.8
2006,2,18,0.55
2006,2,19,1.11
2006,2,20,0.88
2006,2,21,1.41
2006,2,22,0.98
2006,2,23,0.87
2006,2,24,1.15
2006,2,25,0.76
2006,2,26,0.52
2006,2,27,0.55
2006,2,28,0.5
2006,3,1,0.61
2006,3,2,0.8
2006,3,3,0.57
2006,3,4,0.78
2006,3,5,0.39
2006,3,6,0.35
2006,3,7,2.31
2006,3,8,1.6
2006,3,9,1.75
2006,3,10,0.0
2006,3,11,0.06
2006,3,12,0.42
2006,3,13,0.36
2006,3,14,0.64
2006,3,15,0.85
2006,3,16,0.4
2006,3,17,3.05
2006,3,18,1.39
2006,3,19,1.8
2006,3,20,2.46
2006,3,21,6.06
2006,3,22,0.22
2006,3,23,0.04
2006,3,24,0.11
2006,3,25,0.17
2006,3,26,0.15
2006,3,27,0.1
2006,3,28,0.1
2006,3,29,0.14
2006,3,30,0.06
2006,3,31,0.2
2006,4,1,12.69
2006,4,2,8.53
2006,4,3,8.26
2006,4,4,8.45
2006,4,5,7.89
2006,4,6,0.19
2006,4,7,0.34
2006,4,8,0.25
2006,4,9,0.13
2006,4,10,0.07
2006,4,11,0.04
2006,4,12,0.08
2006,4,13,0.03
2006,4,14,0.05
2006,4,15,0.09
2006,4,16,0.07
2006,4,17,0.06
2006,4,18,0.08
2006,4,19,0.06
2006,4,20,0.1
2006,4,21,1.35
2006,4,22,0.96
2006,4,23,1.51
2006,4,24,2.94
2006,4,25,2.55
2006,4,26,1.53
2006,4,27,5.97
2006,4,28,11.43
2006,4,29,5.23
2006,4,30,2.9
2006,5,1,4.86
2006,5,2,7.07
2006,5,3,8.75
2006,5,4,8.35
2006,5,5,6.9
2006,5,6,7.34
2006,5,7,7.63
2006,5,8,1.97
2006,5,9,12.94
2006,5,10,2.67
2006,5,11,1.27
2006,5,12,1.7
2006,5,13,1.89
2006,5,14,2.51
2006,5,15,2.75
2006,5,16,2.24
2006,5,17,0.81
2006,5,18,1.22
2006,5,19,1.43
2006,5,20,4.01
2006,5,21,4.66
2006,5,22,7.06
2006,5,23,1.99
2006,5,24,3.59
2006,5,25,1.91
2006,5,26,3.6
2006,5,27,4.53
2006,5,28,2.94
2006,5,29,3.58
2006,5,30,7.08
2006,5,31,0.48
2006,6,1,0.4
2006,6,2,0.57
2006,6,3,0.5
2006,6,4,0.83
2006,6,5,0.74
2006,6,6,1.91
2006,6,7,1.83
2006,6,8,2.39
2006,6,9,3.46
2006,6,10,0.88
2006,6,11,0.66
2006,6,12,0.35
2006,6,13,0.56
2006,6,14,0.83
2006,6,15,2.78
2006,6,16,2.12
2006,6,17,1.62
2006,6,18,2.06
2006,6,19,1.35
2006,6,20,6.5
2006,6,21,5.37
2006,6,22,7.46
2006,6,23,8.77
2006,6,24,3.81
2006,6,25,3.51
2006,6,26,3.19
2006,6,27,2.9
2006,6,28,2.83
2006,6,29,7.31
2006,6,30,1.33
2006,7,1,0.84
2006,7,2,0.72
2006,7,3,0.75
2006,7,4,0.6
2006,7,5,3.3
2006,7,6,1.37
2006,7,7,1.8
2006,7,8,1.76
2006,7,9,2.22
2006,7,10,2.07
2006,7,11,3.2
2006,7,12,4.62
2006,7,13,6.17
2006,7,14,7.51
2006,7,15,10.68
2006,7,16,11.25
2006,7,17,4.84
2006,7,18,23.06
2006,7,19,14.92
2006,7,20,8.99
2006,7,21,6.89
2006,7,22,3.81
2006,7,23,3.27
2006,7,24,9.4
2006,7,25,4.85
2006,7,26,3.46
2006,7,27,2.31
2006,7,28,2.98
2006,7,29,4.42
2006,7,30,8.51
2006,7,31,8.2
2006,8,1,2.33
2006,8,2,8.71
2006,8,3,11.71
2006,8,4,5.47
2006,8,5,3.71
2006,8,6,4.88
2006,8,7,3.82
2006,8,8,3.67
2006,8,9,12.16
2006,8,10,12.17
2006,8,11,11.31
2006,8,12,5.02
2006,8,13,13.12
2006,8,14,23.04
2006,8,15,18.46
2006,8,16,11.53
2006,8,17,17.75
2006,8,18,19.47
2006,8,19,14.2
2006,8,20,9.46
2006,8,21,18.65
2006,8,22,34.12
2006,8,23,10.81
2006,8,24,4.94
2006,8,25,8.56
2006,8,26,4.51
2006,8,27,3.15
2006,8,28,5.53
2006,8,29,32.2
2006,8,30,11.39
2006,8,31,13.06
2006,9,1,6.12
2006,9,2,9.44
2006,9,3,7.41
2006,9,4,16.2
2006,9,5,12.78
2006,9,6,5.53
2006,9,7,14.01
2006,9,8,9.43
2006,9,9,7.4
2006,9,10,7.1
2006,9,11,7.71
2006,9,12,9.31
2006,9,13,13.14
2006,9,14,10.24
2006,9,15,15.58
2006,9,16,14.7
2006,9,17,10.98
2006,9,18,5.98
2006,9,19,6.26
2006,9,20,4.21
2006,9,21,3.98
2006,9,22,3.92
2006,9,23,10.13
2006,9,24,11.49
2006,9,25,10.17
2006,9,26,13.38
2006,9,27,7.32
2006,9,28,5.06
2006,9,29,3.58
2006,9,30,2.92
2006,10,1,1.49
2006,10,2,4.03
2006,10,3,5.58
2006,10,4,6.52
2006,10,5,9.31
2006,10,6,6.7
2006,10,7,5.16
2006,10,8,3.85
2006,10,9,3.25
2006,10,10,2.38
2006,10,11,2.98
2006,10,12,1.98
2006,10,13,8.76
2006,10,14,12.35
2006,10,15,6.78
2006,10,16,5.39
2006,10,17,8.67
2006,10,18,3.86
2006,10,19,2.21
2006,10,20,10.1
2006,10,21,3.19
2006,10,22,3.57
2006,10,23,0.67
2006,10,24,0.36
2006,10,25,0.31
2006,10,26,0.77
2006,10,27,0.77
2006,10,28,4.26
2006,10,29,3.99
2006,10,30,3.03
2006,10,31,2.22
2006,11,1,3.2
2006,11,2,0.46
2006,11,3,1.3
2006,11,4,0.73
2006,11,5,0.59
2006,11,6,1.06
2006,11,7,3.83
2006,11,8,1.97
2006,11,9,0.0
2006,11,10,0.0
2006,11,11,0.02
2006,11,12,0.0
2006,11,13,0.0
2006,11,14,0.0
2006,11,15,0.0
2006,11,16,0.0
2006,11,17,0.0
2006,11,18,0.0
2006,11,19,0.0
2006,11,20,0.0
2006,11,21,0.0
2006,11,22,0.0
2006,11,23,0.0
2006,11,24,0.0
2006,11,25,0.0
2006,11,26,0.0
2006,11,27,0.0
2006,11,28,0.0
2006,11,29,0.0
2006,11,30,0.0
2006,12,1,0.0
2006,12,2,0.0
2006,12,3,0.0
2006,12,4,0.0
2006,12,5,0.0
2006,12,6,0.0
2006,12,7,0.0
2006,12,8,0.0
2006,12,9,0.0
2006,12,10,0.0
2006,12,11,0.0
2006,12,12,0.0
2006,12,13,0.0
2006,12,14,0.0
2006,12,15,0.0
2006,12,16,0.0
2006,12,17,0.0
2006,12,18,0.0
2006,12,19,0.0
2006,12,20,0.0
2006,12,21,0.0
2006,12,22,0.0
2006,12,23,0.0
2006,12,24,0.0
2006,12,25,0.0
2006,12,26,0.0
2006,12,27,0.0
2006,12,28,0.0
2006,12,29,0.0
2006,12,30,0.0
2006,12,31,0.0
2007,1,1,0.0
2007,1,2,0.0
2007,1,3,0.0
2007,1,4,0.0
2007,1,5,0.0
2007,1,6,0.0
2007,1,7,0.0
2007,1,8,0.0
2007,1,9,0.0
2007,1,10,0.0
2007,1,11,0.0
2007,1,12,0.0
2007,1,13,0.0
2007,1,14,0.0
2007,1,15,0.0
2007,1,16,0.0
2007,1,17,0.0
2007,1,18,0.0
2007,1,19,0.0
2007,1,20,0.0
2007,1,21,0.0
2007,1,22,0.0
2007,1,23,0.0
2007,1,24,0.0
2007,1,25,0.0
2007,1,26,0.0
2007,1,27,0.0
2007,1,28,0.0
2007,1,29,0.0
2007,1,30,0.0
2007,1,31,0.0
2007,2,1,0.0
2007,2,2,0.0
2007,2,3,0.0
2007,2,4,0.02
2007,2,5,1.13
2007,2,6,0.74
2007,2,7,0.6
2007,2,8,1.88
2007,2,9,4.37
2007,2,10,0.72
2007,2,11,0.49
2007,2,12,0.04
2007,2,13,0.0
2007,2,14,0.0
2007,2,15,0.0
2007,2,16,0.0
2007,2,17,0.0
2007,2,18,0.02
2007,2,19,1.78
2007,2,20,0.31
2007,2,21,0.5
2007,2,22,0.8
2007,2,23,0.72
2007,2,24,0.91
2007,2,25,0.01
2007,2,26,0.0
2007,2,27,0.0
2007,2,28,0.0
2007,3,1,0.0
2007,3,2,0.0
2007,3,3,0.0
2007,3,4,0.0
2007,3,5,0.0
2007,3,6,0.0
2007,3,7,0.21
2007,3,8,0.57
2007,3,9,0.79
2007,3,10,0.39
2007,3,11,1.01
2007,3,12,0.01
2007,3,13,0.01
2007,3,14,0.01
2007,3,15,0.03
2007,3,16,0.0
2007,3,17,0.0
2007,3,18,0.0
2007,3,19,0.0
2007,3,20,0.0
2007,3,21,0.0
2007,3,22,1.18
2007,3,23,1.05
2007,3,24,0.98
2007,3,25,0.76
2007,3,26,0.83
2007,3,27,1.14
2007,3,28,2.78
2007,3,29,4.38
2007,3,30,5.24
2007,3,31,4.09
2007,4,1,3.58
2007,4,2,1.91
2007,4,3,2.01
2007,4,4,1.1
2007,4,5,1.27
2007,4,6,3.68
2007,4,7,1.8
2007,4,8,1.33
2007,4,9,2.61
2007,4,10,2.34
2007,4,11,1.15
2007,4,12,1.87
2007,4,13,0.8
2007,4,14,1.42
2007,4,15,1.5
2007,4,16,0.95
2007,4,17,0.89
2007,4,18,0.84
2007,4,19,0.71
2007,4,20,0.79
2007,4,21,4.8
2007,4,22,6.39
2007,4,23,6.63
2007,4,24,1.72
2007,4,25,4.52
2007,4,26,5.28
2007,4,27,5.95
2007,4,28,6.07
2007,4,29,4.14
2007,4,30,9.02
2007,5,1,10.21
2007,5,2,2.74
2007,5,3,11.18
2007,5,4,7.7
2007,5,5,9.2
2007,5,6,5.85
2007,5,7,6.04
2007,5,8,2.64
2007,5,9,4.04
2007,5,10,7.98
2007,5,11,5.54
2007,5,12,2.83
2007,5,13,11.18
2007,5,14,5.16
2007,5,15,1.93
2007,5,16,1.53
2007,5,17,2.56
2007,5,18,2.69
2007,5,19,2.35
2007,5,20,3.01
2007,5,21,1.77
2007,5,22,2.06
2007,5,23,1.46
2007,5,24,1.56
2007,5,25,2.19
2007,5,26,3.89
2007,5,27,6.69
2007,5,28,3.87
2007,5,29,6.75
2007,5,30,1.98
2007,5,31,6.11
2007,6,1,8.61
2007,6,2,7.14
2007,6,3,13.26
2007,6,4,2.53
2007,6,5,14.53
2007,6,6,5.4
2007,6,7,14.17
2007,6,8,10.83
2007,6,9,2.04
2007,6,10,3.6
2007,6,11,7.34
2007,6,12,7.0
2007,6,13,2.06
2007,6,14,4.63
2007,6,15,13.37
2007,6,16,10.46
2007,6,17,13.11
2007,6,18,8.11
2007,6,19,18.01
2007,6,20,3.27
2007,6,21,1.75
2007,6,22,1.88
2007,6,23,2.12
2007,6,24,2.53
2007,6,25,15.32
2007,6,26,20.18
2007,6,27,28.5
2007,6,28,11.12
2007,6,29,14.31
2007,6,30,11.21
2007,7,1,5.45
2007,7,2,5.14
2007,7,3,7.6
2007,7,4,4.3
2007,7,5,1.79
2007,7,6,1.2
2007,7,7,0.9
2007,7,8,2.4
2007,7,9,3.47
2007,7,10,14.11
2007,7,11,10.49
2007,7,12,6.24
2007,7,13,16.21
2007,7,14,21.12
2007,7,15,6.95
2007,7,16,2.27
2007,7,17,1.67
2007,7,18,1.33
2007,7,19,4.35
2007,7,20,2.05
2007,7,21,2.59
2007,7,22,3.94
2007,7,23,1.61
2007,7,24,2.39
2007,7,25,17.42
2007,7,26,17.93
2007,7,27,18.1
2007,7,28,36.54
2007,7,29,7.22
2007,7,30,8.28
2007,7,31,9.35
2007,8,1,10.11
2007,8,2,18.09
2007,8,3,22.91
2007,8,4,22.45
2007,8,5,7.14
2007,8,6,7.23
2007,8,7,13.07
2007,8,8,13.9
2007,8,9,22.89
2007,8,10,11.8
2007,8,11,8.24
2007,8,12,16.96
2007,8,13,41.68
2007,8,14,6.21
2007,8,15,6.05
2007,8,16,8.43
2007,8,17,6.06
2007,8,18,3.97
2007,8,19,10.89
2007,8,20,16.41
2007,8,21,14.45
2007,8,22,11.82
2007,8,23,17.77
2007,8,24,8.38
2007,8,25,4.72
2007,8,26,9.92
2007,8,27,3.61
2007,8,28,5.01
2007,8,29,17.82
2007,8,30,14.71
2007,8,31,36.51
2007,9,1,6.84
2007,9,2,11.8
2007,9,3,14.96
2007,9,4,17.08
2007,9,5,9.85
2007,9,6,7.05
2007,9,7,4.0
2007,9,8,21.1
2007,9,9,24.21
2007,9,10,16.09
2007,9,11,6.31
2007,9,12,13.46
2007,9,13,5.69
2007,9,14,4.3
2007,9,15,5.67
2007,9,16,8.92
2007,9,17,10.3
2007,9,18,8.26
2007,9,19,9.25
2007,9,20,11.39
2007,9,21,11.09
2007,9,22,14.66
2007,9,23,8.36
2007,9,24,10.37
2007,9,25,11.79
2007,9,26,4.22
2007,9,27,4.47
2007,9,28,6.47
2007,9,29,4.96
2007,9,30,6.94
2007,10,1,4.81
2007,10,2,7.0
2007,10,3,3.78
2007,10,4,5.91
2007,10,5,8.53
2007,10,6,14.6
2007,10,7,8.91
2007,10,8,12.39
2007,10,9,9.17
2007,10,10,10.95
2007,10,11,8.85
2007,10,12,14.04
2007,10,13,9.74
2007,10,14,3.69
2007,10,15,5.28
2007,10,16,6.74
2007,10,17,7.89
2007,10,18,4.99
2007,10,19,7.49
2007,10,20,4.98
2007,10,21,5.08
2007,10,22,3.43
2007,10,23,9.68
2007,10,24,5.91
2007,10,25,2.82
2007,10,26,6.92
2007,10,27,5.35
2007,10,28,5.16
2007,10,29,2.31
2007,10,30,2.11
2007,10,31,4.88
2007,11,1,7.71
2007,11,2,2.0
2007,11,3,1.53
2007,11,4,1.09
2007,11,5,0.86
2007,11,6,1.14
2007,11,7,2.89
2007,11,8,8.67
2007,11,9,6.11
2007,11,10,4.84
2007,11,11,1.79
2007,11,12,0.49
2007,11,13,3.3
2007,11,14,3.96
2007,11,15,0.75
2007,11,16,1.09
2007,11,17,2.04
2007,11,18,2.56
2007,11,19,3.32
2007,11,20,2.84
2007,11,21,2.62
2007,11,22,1.56
2007,11,23,1.03
2007,11,24,1.77
2007,11,25,3.98
2007,11,26,4.2
2007,11,27,0.43
2007,11,28,0.12
2007,11,29,0.04
2007,11,30,0.01
2007,12,1,0.16
2007,12,2,0.68
2007,12,3,1.02
2007,12,4,2.82
2007,12,5,0.53
2007,12,6,0.86
2007,12,7,0.23
2007,12,8,0.19
2007,12,9,0.1
2007,12,10,0.05
2007,12,11,0.0
2007,12,12,0.0
2007,12,13,0.0
2007,12,14,0.0
2007,12,15,0.0
2007,12,16,0.0
2007,12,17,0.0
2007,12,18,0.0
2007,12,19,0.0
2007,12,20,0.0
2007,12,21,0.0
2007,12,22,0.0
2007,12,23,0.0
2007,12,24,0.0
2007,12,25,0.0
2007,12,26,0.0
2007,12,27,0.0
2007,12,28,0.0
2007,12,29,0.0
2007,12,30,0.02
2007,12,31,0.17
2008,1,1,0.68
2008,1,2,0.74
2008,1,3,0.75
2008,1,4,0.01
2008,1,5,0.47
2008,1,6,0.01
2008,1,7,0.0
2008,1,8,0.0
2008,1,9,0.0
2008,1,10,0.0
2008,1,11,0.0
2008,1,12,0.02
2008,1,13,0.0
2008,1,14,0.01
2008,1,15,0.01
2008,1,16,0.0
2008,1,17,0.0
2008,1,18,0.0
2008,1,19,0.0
2008,1,20,0.0
2008,1,21,0.0
2008,1,22,0.0
2008,1,23,0.0
2008,1,24,0.0
2008,1,25,0.0
2008,1,26,0.0
2008,1,27,0.0
2008,1,28,0.0
2008,1,29,0.0
2008,1,30,0.0
2008,1,31,0.0
2008,2,1,0.0
2008,2,2,0.0
2008,2,3,0.0
2008,2,4,0.0
2008,2,5,0.0
2008,2,6,0.0
2008,2,7,0.0
2008,2,8,0.0
2008,2,9,0.08
2008,2,10,0.0
2008,2,11,0.0
2008,2,12,0.0
2008,2,13,0.0
2008,2,14,0.0
2008,2,15,0.0
2008,2,16,0.0
2008,2,17,0.0
2008,2,18,0.0
2008,2,19,0.0
2008,2,20,0.0
2008,2,21,0.0
2008,2,22,0.0
2008,2,23,0.0
2008,2,24,0.0
2008,2,25,0.0
2008,2,26,0.0
2008,2,27,0.0
2008,2,28,0.0
2008,2,29,0.0
2008,3,1,0.0
2008,3,2,0.38
2008,3,3,0.2
2008,3,4,0.28
2008,3,5,0.61
2008,3,6,0.31
2008,3,7,0.5
2008,3,8,0.39
2008,3,9,0.54
2008,3,10,0.9
2008,3,11,1.06
2008,3,12,0.01
2008,3,13,0.0
2008,3,14,0.0
2008,3,15,0.0
2008,3,16,0.0
2008,3,17,1.36
2008,3,18,1.28
2008,3,19,1.25
2008,3,20,1.34
2008,3,21,0.53
2008,3,22,2.51
2008,3,23,1.97
2008,3,24,2.5
2008,3,25,1.16
2008,3,26,3.03
2008,3,27,1.98
2008,3,28,0.91
2008,3,29,1.64
2008,3,30,2.35
2008,3,31,2.57
2008,4,1,1.15
2008,4,2,0.82
2008,4,3,0.79
2008,4,4,3.44
2008,4,5,0.41
2008,4,6,10.11
2008,4,7,4.26
2008,4,8,2.56
2008,4,9,4.28
2008,4,10,3.49
2008,4,11,0.84
2008,4,12,0.37
2008,4,13,0.45
2008,4,14,0.58
2008,4,15,0.55
2008,4,16,0.86
2008,4,17,2.12
2008,4,18,6.06
2008,4,19,0.74
2008,4,20,0.86
2008,4,21,9.49
2008,4,22,9.09
2008,4,23,12.19
2008,4,24,6.78
2008,4,25,6.9
2008,4,26,4.65
2008,4,27,6.83
2008,4,28,6.45
2008,4,29,4.56
2008,4,30,5.55
2008,5,1,2.29
2008,5,2,5.6
2008,5,3,1.5
2008,5,4,1.59
2008,5,5,1.32
2008,5,6,4.85
2008,5,7,5.63
2008,5,8,2.98
2008,5,9,2.99
2008,5,10,8.43
2008,5,11,4.75
2008,5,12,4.32
2008,5,13,6.9
2008,5,14,3.8
2008,5,15,4.43
2008,5,16,4.24
2008,5,17,2.45
2008,5,18,4.02
2008,5,19,2.38
2008,5,20,1.48
2008,5,21,5.6
2008,5,22,4.81
2008,5,23,7.28
2008,5,24,4.14
2008,5,25,8.41
2008,5,26,4.44
2008,5,27,3.46
2008,5,28,4.45
2008,5,29,4.93
2008,5,30,6.17
2008,5,31,0.97
2008,6,1,2.06
2008,6,2,6.88
2008,6,3,9.26
2008,6,4,5.88
2008,6,5,1.71
2008,6,6,5.04
2008,6,7,4.31
2008,6,8,2.55
2008,6,9,2.95
2008,6,10,4.05
2008,6,11,4.27
2008,6,12,5.57
2008,6,13,7.54
2008,6,14,3.14
2008,6,15,3.73
2008,6,16,3.12
2008,6,17,7.37
2008,6,18,5.73
2008,6,19,3.55
2008,6,20,3.92
2008,6,21,4.64
2008,6,22,5.06
2008,6,23,10.77
2008,6,24,12.02
2008,6,25,5.35
2008,6,26,5.11
2008,6,27,4.37
2008,6,28,2.56
2008,6,29,5.98
2008,6,30,8.55
2008,7,1,4.95
2008,7,2,2.86
2008,7,3,3.07
2008,7,4,2.54
2008,7,5,3.2
2008,7,6,5.18
2008,7,7,5.27
2008,7,8,3.0
2008,7,9,8.49
2008,7,10,1.53
2008,7,11,2.56
2008,7,12,1.52
2008,7,13,2.54
2008,7,14,4.68
2008,7,15,9.44
2008,7,16,9.9
2008,7,17,17.56
2008,7,18,10.99
2008,7,19,4.93
2008,7,20,7.61
2008,7,21,12.05
2008,7,22,6.93
2008,7,23,11.08
2008,7,24,3.18
2008,7,25,3.68
2008,7,26,4.66
2008,7,27,5.89
2008,7,28,2.55
2008,7,29,2.52
2008,7,30,4.49
2008,7,31,5.13
2008,8,1,7.47
2008,8,2,5.29
2008,8,3,7.11
2008,8,4,11.12
2008,8,5,16.1
2008,8,6,9.22
2008,8,7,12.4
2008,8,8,12.37
2008,8,9,6.48
2008,8,10,4.94
2008,8,11,10.24
2008,8,12,10.55
2008,8,13,10.44
2008,8,14,2.99
2008,8,15,5.1
2008,8,16,2.11
2008,8,17,2.9
2008,8,18,6.69
2008,8,19,1.93
2008,8,20,1.64
2008,8,21,1.68
2008,8,22,2.54
2008,8,23,4.72
2008,8,24,20.26
2008,8,25,19.41
2008,8,26,8.43
2008,8,27,14.88
2008,8,28,15.56
2008,8,29,2.11
2008,8,30,5.04
2008,8,31,2.35
2008,9,1,4.25
2008,9,2,2.5
2008,9,3,4.63
2008,9,4,4.27
2008,9,5,3.23
2008,9,6,1.99
2008,9,7,3.33
2008,9,8,6.2
2008,9,9,9.84
2008,9,10,8.86
2008,9,11,5.36
2008,9,12,5.91
2008,9,13,11.19
2008,9,14,9.14
2008,9,15,10.8
2008,9,16,6.59
2008,9,17,3.9
2008,9,18,17.64
2008,9,19,20.32
2008,9,20,9.47
2008,9,21,21.09
2008,9,22,18.68
2008,9,23,4.9
2008,9,24,3.85
2008,9,25,6.03
2008,9,26,10.57
2008,9,27,5.63
2008,9,28,3.68
2008,9,29,6.17
2008,9,30,6.27
2008,10,1,5.07
2008,10,2,7.7
2008,10,3,7.14
2008,10,4,9.63
2008,10,5,10.82
2008,10,6,8.24
2008,10,7,8.07
2008,10,8,1.83
2008,10,9,5.86
2008,10,10,13.6
2008,10,11,5.55
2008,10,12,8.44
2008,10,13,3.51
2008,10,14,4.37
2008,10,15,6.67
2008,10,16,8.75
2008,10,17,6.06
2008,10,18,1.93
2008,10,19,2.43
2008,10,20,3.23
2008,10,21,2.07
2008,10,22,1.72
2008,10,23,0.04
2008,10,24,0.05
2008,10,25,0.08
2008,10,26,0.15
2008,10,27,0.1
2008,10,28,0.84
2008,10,29,1.5
2008,10,30,1.1
2008,10,31,0.94
2008,11,1,0.69
2008,11,2,0.99
2008,11,3,0.61
2008,11,4,0.58
2008,11,5,0.56
2008,11,6,0.61
2008,11,7,0.51
2008,11,8,1.11
2008,11,9,1.86
2008,11,10,2.17
2008,11,11,0.99
2008,11,12,0.15
2008,11,13,0.13
2008,11,14,0.01
2008,11,15,0.02
2008,11,16,0.03
2008,11,17,0.08
2008,11,18,0.23
2008,11,19,0.23
2008,11,20,0.53
2008,11,21,0.18
2008,11,22,0.0
2008,11,23,0.0
2008,11,24,0.0
2008,11,25,0.0
2008,11,26,0.0
2008,11,27,0.65
2008,11,28,0.6
2008,11,29,1.46
2008,11,30,1.56
2008,12,1,1.47
2008,12,2,0.55
2008,12,3,0.68
2008,12,4,1.31
2008,12,5,1.29
2008,12,6,0.76
2008,12,7,0.64
2008,12,8,0.19
2008,12,9,0.16
2008,12,10,0.57
2008,12,11,0.59
2008,12,12,0.01
2008,12,13,0.0
2008,12,14,0.0
2008,12,15,0.0
2008,12,16,0.0
2008,12,17,0.0
2008,12,18,0.0
2008,12,19,0.0
2008,12,20,0.0
2008,12,21,0.0
2008,12,22,0.0
2008,12,23,0.0
2008,12,24,0.0
2008,12,25,0.0
2008,12,26,0.0
2008,12,27,0.0
2008,12,28,0.0
2008,12,29,0.0
2008,12,30,0.0
2008,12,31,0.0
2009,1,1,0.0
2009,1,2,0.0
2009,1,3,0.0
2009,1,4,0.0
2009,1,5,0.0
2009,1,6,1.32
2009,1,7,1.04
2009,1,8,0.87
2009,1,9,1.76
2009,1,10,1.86
2009,1,11,0.2
2009,1,12,0.4
2009,1,13,0.45
2009,1,14,0.35
2009,1,15,0.33
2009,1,16,0.22
2009,1,17,0.22
2009,1,18,0.21
2009,1,19,0.15
2009,1,20,0.22
2009,1,21,0.6
2009,1,22,0.92
2009,1,23,0.15
2009,1,24,0.31
2009,1,25,0.48
2009,1,26,0.0
2009,1,27,0.0
2009,1,28,0.0
2009,1,29,0.0
2009,1,30,0.0
2009,1,31,0.0
2009,2,1,0.0
2009,2,2,0.0
2009,2,3,0.0
2009,2,4,0.0
2009,2,5,0.57
2009,2,6,0.77
2009,2,7,0.56
2009,2,8,0.44
2009,2,9,0.57
2009,2,10,0.19
2009,2,11,0.21
2009,2,12,0.32
2009,2,13,0.29
2009,2,14,0.68
2009,2,15,0.02
2009,2,16,0.01
2009,2,17,0.03
2009,2,18,0.02
2009,2,19,0.03
2009,2,20,0.11
2009,2,21,0.14
2009,2,22,0.16
2009,2,23,0.15
2009,2,24,0.26
2009,2,25,0.0
2009,2,26,0.0
2009,2,27,0.0
2009,2,28,0.0
2009,3,1,0.0
2009,3,2,0.0
2009,3,3,0.0
2009,3,4,0.0
2009,3,5,0.0
2009,3,6,0.0
2009,3,7,3.26
2009,3,8,4.5
2009,3,9,3.34
2009,3,10,2.52
2009,3,11,2.09
2009,3,12,0.15
2009,3,13,0.17
2009,3,14,0.15
2009,3,15,0.14
2009,3,16,0.11
2009,3,17,1.48
2009,3,18,1.42
2009,3,19,2.38
2009,3,20,1.84
2009,3,21,1.54
2009,3,22,0.39
2009,3,23,0.68
2009,3,24,0.93
2009,3,25,0.57
2009,3,26,1.41
2009,3,27,3.41
2009,3,28,3.33
2009,3,29,2.06
2009,3,30,1.93
2009,3,31,0.51
2009,4,1,0.72
2009,4,2,1.6
2009,4,3,0.11
2009,4,4,1.56
2009,4,5,1.04
2009,4,6,1.13
2009,4,7,1.6
2009,4,8,1.85
2009,4,9,0.74
2009,4,10,0.71
2009,4,11,4.35
2009,4,12,8.58
2009,4,13,6.36
2009,4,14,7.62
2009,4,15,9.68
2009,4,16,4.49
2009,4,17,4.47
2009,4,18,4.09
2009,4,19,2.66
2009,4,20,4.78
2009,4,21,15.63
2009,4,22,4.66
2009,4,23,5.82
2009,4,24,3.2
2009,4,25,6.47
2009,4,26,3.13
2009,4,27,3.11
2009,4,28,2.79
2009,4,29,3.28
2009,4,30,2.09
2009,5,1,5.9
2009,5,2,8.49
2009,5,3,2.19
2009,5,4,16.57
2009,5,5,9.86
2009,5,6,3.36
2009,5,7,8.02
2009,5,8,10.48
2009,5,9,11.57
2009,5,10,4.45
2009,5,11,7.65
2009,5,12,4.95
2009,5,13,4.25
2009,5,14,6.22
2009,5,15,4.24
2009,5,16,5.38
2009,5,17,5.65
2009,5,18,6.92
2009,5,19,6.05
2009,5,20,5.61
2009,5,21,2.86
2009,5,22,2.64
2009,5,23,2.87
2009,5,24,4.64
2009,5,25,3.06
2009,5,26,1.47
2009,5,27,2.05
2009,5,28,1.76
2009,5,29,4.14
2009,5,30,3.81
2009,5,31,4.94
2009,6,1,5.87
2009,6,2,3.1
2009,6,3,5.16
2009,6,4,7.86
2009,6,5,10.13
2009,6,6,5.53
2009,6,7,4.87
2009,6,8,5.32
2009,6,9,3.44
2009,6,10,3.55
2009,6,11,2.73
2009,6,12,7.06
2009,6,13,3.95
2009,6,14,3.83
2009,6,15,2.75
2009,6,16,3.97
2009,6,17,2.59
2009,6,18,1.49
2009,6,19,3.0
2009,6,20,6.41
2009,6,21,5.66
2009,6,22,9.36
2009,6,23,4.43
2009,6,24,2.25
2009,6,25,8.43
2009,6,26,11.17
2009,6,27,19.49
2009,6,28,7.69
2009,6,29,14.17
2009,6,30,3.88
2009,7,1,1.67
2009,7,2,1.28
2009,7,3,1.5
2009,7,4,1.8
2009,7,5,2.41
2009,7,6,4.38
2009,7,7,2.31
2009,7,8,4.56
2009,7,9,5.36
2009,7,10,2.81
2009,7,11,4.08
2009,7,12,0.71
2009,7,13,2.25
2009,7,14,4.67
2009,7,15,5.9
2009,7,16,4.18
2009,7,17,3.51
2009,7,18,1.75
2009,7,19,5.9
2009,7,20,2.71
2009,7,21,3.37
2009,7,22,2.26
2009,7,23,2.23
2009,7,24,5.36
2009,7,25,3.02
2009,7,26,8.99
2009,7,27,7.96
2009,7,28,6.13
2009,7,29,2.61
2009,7,30,3.38
2009,7,31,4.19
2009,8,1,4.76
2009,8,2,3.89
2009,8,3,2.68
2009,8,4,4.88
2009,8,5,8.63
2009,8,6,3.65
2009,8,7,4.43
2009,8,8,4.01
2009,8,9,4.0
2009,8,10,4.3
2009,8,11,7.52
2009,8,12,10.2
2009,8,13,5.08
2009,8,14,2.32
2009,8,15,2.99
2009,8,16,5.39
2009,8,17,7.68
2009,8,18,3.01
2009,8,19,14.07
2009,8,20,10.48
2009,8,21,6.61
2009,8,22,8.36
2009,8,23,5.43
2009,8,24,4.14
2009,8,25,3.25
2009,8,26,2.9
2009,8,27,6.73
2009,8,28,7.25
2009,8,29,5.52
2009,8,30,11.83
2009,8,31,9.49
2009,9,1,4.31
2009,9,2,4.19
2009,9,3,10.41
2009,9,4,11.66
2009,9,5,6.18
2009,9,6,3.78
2009,9,7,9.08
2009,9,8,2.31
2009,9,9,3.58
2009,9,10,2.26
2009,9,11,5.0
2009,9,12,3.09
2009,9,13,3.89
2009,9,14,5.14
2009,9,15,1.95
2009,9,16,1.75
2009,9,17,1.3
2009,9,18,5.79
2009,9,19,6.62
2009,9,20,5.1
2009,9,21,6.76
2009,9,22,3.2
2009,9,23,2.7
2009,9,24,3.26
2009,9,25,1.82
2009,9,26,4.07
2009,9,27,2.43
2009,9,28,1.32
2009,9,29,2.44
2009,9,30,3.92
2009,10,1,2.52
2009,10,2,3.33
2009,10,3,3.09
2009,10,4,4.28
2009,10,5,2.22
2009,10,6,2.79
2009,10,7,8.48
2009,10,8,4.85
2009,10,9,5.03
2009,10,10,4.52
2009,10,11,6.31
2009,10,12,12.41
2009,10,13,2.82
2009,10,14,6.41
2009,10,15,2.12
2009,10,16,1.13
2009,10,17,0.75
2009,10,18,1.18
2009,10,19,2.22
2009,10,20,6.19
2009,10,21,1.37
2009,10,22,1.86
2009,10,23,8.11
2009,10,24,13.71
2009,10,25,9.9
2009,10,26,6.71
2009,10,27,10.35
2009,10,28,1.82
2009,10,29,0.37
2009,10,30,0.59
2009,10,31,0.36
2009,11,1,0.63
2009,11,2,0.18
2009,11,3,0.09
2009,11,4,0.12
2009,11,5,0.06
2009,11,6,0.08
2009,11,7,7.31
2009,11,8,9.13
2009,11,9,7.03
2009,11,10,5.18
2009,11,11,5.89
2009,11,12,1.5
2009,11,13,1.37
2009,11,14,2.56
2009,11,15,2.5
2009,11,16,1.61
2009,11,17,0.0
2009,11,18,0.0
2009,11,19,0.0
2009,11,20,0.0
2009,11,21,0.0
2009,11,22,0.02
2009,11,23,0.05
2009,11,24,0.05
2009,11,25,0.02
2009,11,26,0.01
2009,11,27,3.24
2009,11,28,0.5
2009,11,29,0.0
2009,11,30,0.0
2009,12,1,0.0
2009,12,2,0.0
2009,12,3,0.0
2009,12,4,0.0
2009,12,5,0.0
2009,12,6,0.0
2009,12,7,0.0
2009,12,8,0.0
2009,12,9,0.0
2009,12,10,0.0
2009,12,11,0.0
2009,12,12,0.0
2009,12,13,0.0
2009,12,14,0.0
2009,12,15,0.01
2009,12,16,0.0
2009,12,17,0.0
2009,12,18,0.0
2009,12,19,0.0
2009,12,20,0.0
2009,12,21,0.0
2009,12,22,0.0
2009,12,23,0.0
2009,12,24,0.0
2009,12,25,0.0
2009,12,26,0.0
2009,12,27,0.0
2009,12,28,0.0
2009,12,29,0.0
2009,12,30,0.0
2009,12,31,0.0
2010,1,1,0.0
2010,1,2,0.0
2010,1,3,0.0
2010,1,4,0.0
2010,1,5,0.0
2010,1,6,0.73
2010,1,7,3.42
2010,1,8,1.42
2010,1,9,2.21
2010,1,10,1.97
2010,1,11,0.05
2010,1,12,0.01
2010,1,13,0.01
2010,1,14,0.04
2010,1,15,0.13
2010,1,16,0.49
2010,1,17,0.41
2010,1,18,0.0
2010,1,19,0.0
2010,1,20,0.0
2010,1,21,0.0
2010,1,22,0.0
2010,1,23,0.0
2010,1,24,0.0
2010,1,25,0.04
2010,1,26,0.49
2010,1,27,0.44
2010,1,28,0.57
2010,1,29,0.17
2010,1,30,0.21
2010,1,31,0.63
2010,2,1,2.04
2010,2,2,3.02
2010,2,3,2.53
2010,2,4,0.94
2010,2,5,0.0
2010,2,6,0.0
2010,2,7,0.0
2010,2,8,0.0
2010,2,9,0.01
2010,2,10,1.18
2010,2,11,1.32
2010,2,12,1.21
2010,2,13,1.33
2010,2,14,0.33
2010,2,15,0.0
2010,2,16,0.0
2010,2,17,0.0
2010,2,18,0.0
2010,2,19,0.0
2010,2,20,0.42
2010,2,21,0.66
2010,2,22,0.69
2010,2,23,0.72
2010,2,24,0.54
2010,2,25,1.33
2010,2,26,1.21
2010,2,27,0.78
2010,2,28,1.55
2010,3,1,3.15
2010,3,2,0.07
2010,3,3,0.0
2010,3,4,0.0
2010,3,5,0.0
2010,3,6,0.0
2010,3,7,2.27
2010,3,8,2.05
2010,3,9,4.85
2010,3,10,2.71
2010,3,11,2.76
2010,3,12,0.62
2010,3,13,1.17
2010,3,14,1.06
2010,3,15,1.53
2010,3,16,4.06
2010,3,17,0.98
2010,3,18,0.84
2010,3,19,1.02
2010,3,20,0.0
2010,3,21,0.0
2010,3,22,0.0
2010,3,23,0.0
2010,3,24,0.0
2010,3,25,0.0
2010,3,26,0.0
2010,3,27,0.76
2010,3,28,1.64
2010,3,29,0.24
2010,3,30,0.29
2010,3,31,2.56
2010,4,1,0.61
2010,4,2,0.44
2010,4,3,0.53
2010,4,4,0.37
2010,4,5,0.42
2010,4,6,2.47
2010,4,7,5.19
2010,4,8,2.28
2010,4,9,8.5
2010,4,10,3.74
2010,4,11,3.89
2010,4,12,4.18
2010,4,13,4.94
2010,4,14,4.73
2010,4,15,3.74
2010,4,16,3.24
2010,4,17,1.94
2010,4,18,2.05
2010,4,19,4.44
2010,4,20,3.77
2010,4,21,10.07
2010,4,22,3.88
2010,4,23,6.3
2010,4,24,10.94
2010,4,25,8.08
2010,4,26,1.18
2010,4,27,0.85
2010,4,28,0.64
2010,4,29,0.98
2010,4,30,0.46
2010,5,1,5.3
2010,5,2,8.5
2010,5,3,4.13
2010,5,4,13.88
2010,5,5,4.89
2010,5,6,10.34
2010,5,7,5.5
2010,5,8,5.8
2010,5,9,4.95
2010,5,10,2.49
2010,5,11,3.56
2010,5,12,4.82
2010,5,13,4.52
2010,5,14,2.69
2010,5,15,2.38
2010,5,16,14.45
2010,5,17,9.82
2010,5,18,9.8
2010,5,19,19.01
2010,5,20,37.67
2010,5,21,17.79
2010,5,22,2.91
2010,5,23,3.23
2010,5,24,2.9
2010,5,25,2.94
2010,5,26,3.97
2010,5,27,3.32
2010,5,28,2.88
2010,5,29,1.24
2010,5,30,3.23
2010,5,31,9.77
2010,6,1,5.01
2010,6,2,13.11
2010,6,3,3.59
2010,6,4,4.01
2010,6,5,5.43
2010,6,6,2.91
2010,6,7,2.18
2010,6,8,3.48
2010,6,9,7.02
2010,6,10,2.82
2010,6,11,0.92
2010,6,12,1.33
2010,6,13,1.24
2010,6,14,1.53
2010,6,15,6.27
2010,6,16,2.37
2010,6,17,5.13
2010,6,18,5.02
2010,6,19,4.55
2010,6,20,13.55
2010,6,21,20.17
2010,6,22,10.99
2010,6,23,16.62
2010,6,24,15.62
2010,6,25,5.68
2010,6,26,9.1
2010,6,27,0.9
2010,6,28,4.84
2010,6,29,4.71
2010,6,30,3.91
2010,7,1,5.85
2010,7,2,4.76
2010,7,3,3.1
2010,7,4,1.12
2010,7,5,5.4
2010,7,6,9.0
2010,7,7,13.16
2010,7,8,3.87
2010,7,9,6.13
2010,7,10,4.77
2010,7,11,2.74
2010,7,12,1.43
2010,7,13,4.05
2010,7,14,3.14
2010,7,15,12.28
2010,7,16,6.25
2010,7,17,8.93
2010,7,18,4.17
2010,7,19,13.5
2010,7,20,10.88
2010,7,21,7.59
2010,7,22,27.28
2010,7,23,22.63
2010,7,24,9.28
2010,7,25,2.64
2010,7,26,5.48
2010,7,27,2.9
2010,7,28,4.23
2010,7,29,7.66
2010,7,30,3.62
2010,7,31,2.63
2010,8,1,1.85
2010,8,2,1.23
2010,8,3,3.08
2010,8,4,8.33
2010,8,5,10.93
2010,8,6,7.86
2010,8,7,9.74
2010,8,8,7.17
2010,8,9,4.24
2010,8,10,4.99
2010,8,11,6.17
2010,8,12,11.11
2010,8,13,4.74
2010,8,14,2.67
2010,8,15,2.17
2010,8,16,3.89
2010,8,17,3.08
2010,8,18,2.85
2010,8,19,7.19
2010,8,20,8.35
2010,8,21,10.95
2010,8,22,6.07
2010,8,23,6.9
2010,8,24,4.75
2010,8,25,4.54
2010,8,26,3.21
2010,8,27,6.98
2010,8,28,5.33
2010,8,29,2.13
2010,8,30,3.26
2010,8,31,2.12
2010,9,1,1.43
2010,9,2,3.45
2010,9,3,10.83
2010,9,4,9.55
2010,9,5,15.39
2010,9,6,9.6
2010,9,7,27.45
2010,9,8,2.86
2010,9,9,2.54
2010,9,10,4.93
2010,9,11,2.12
2010,9,12,1.36
2010,9,13,2.82
2010,9,14,2.25
2010,9,15,1.31
2010,9,16,1.53
2010,9,17,2.33
2010,9,18,18.4
2010,9,19,14.89
2010,9,20,10.63
2010,9,21,12.44
2010,9,22,21.55
2010,9,23,10.62
2010,9,24,13.77
2010,9,25,2.58
2010,9,26,7.22
2010,9,27,7.18
2010,9,28,2.34
2010,9,29,1.52
2010,9,30,2.99
2010,10,1,2.87
2010,10,2,2.09
2010,10,3,5.71
2010,10,4,6.68
2010,10,5,4.9
2010,10,6,2.93
2010,10,7,4.01
2010,10,8,2.99
2010,10,9,4.68
2010,10,10,6.58
2010,10,11,12.85
2010,10,12,8.08
2010,10,13,5.76
2010,10,14,2.99
2010,10,15,2.28
2010,10,16,4.47
2010,10,17,3.77
2010,10,18,5.23
2010,10,19,4.08
2010,10,20,4.0
2010,10,21,4.09
2010,10,22,5.2
2010,10,23,7.2
2010,10,24,8.81
2010,10,25,10.82
2010,10,26,8.05
2010,10,27,9.09
2010,10,28,10.27
2010,10,29,7.32
2010,10,30,3.61
2010,10,31,7.28
2010,11,1,7.36
2010,11,2,1.11
2010,11,3,1.3
2010,11,4,3.33
2010,11,5,2.22
2010,11,6,5.16
2010,11,7,4.34
2010,11,8,0.45
2010,11,9,0.98
2010,11,10,3.15
2010,11,11,3.4
2010,11,12,0.72
2010,11,13,0.39
2010,11,14,0.36
2010,11,15,0.5
2010,11,16,1.08
2010,11,17,0.76
2010,11,18,0.55
2010,11,19,0.58
2010,11,20,0.98
2010,11,21,1.32
2010,11,22,0.06
2010,11,23,0.02
2010,11,24,0.02
2010,11,25,0.02
2010,11,26,0.02
2010,11,27,0.92
2010,11,28,0.78
2010,11,29,0.54
2010,11,30,0.5
2010,12,1,0.16
2010,12,2,0.03
2010,12,3,0.06
2010,12,4,0.05
2010,12,5,0.02
2010,12,6,0.03
2010,12,7,0.0
2010,12,8,0.0
2010,12,9,0.0
2010,12,10,0.0
2010,12,11,0.0
2010,12,12,0.0
2010,12,13,0.0
2010,12,14,0.01
2010,12,15,0.01
2010,12,16,0.01
2010,12,17,0.0
2010,12,18,0.0
2010,12,19,0.0
2010,12,20,0.0
2010,12,21,0.0
2010,12,22,0.11
2010,12,23,0.87
2010,12,24,0.08
2010,12,25,0.1
2010,12,26,1.54
2010,12,27,0.01
2010,12,28,0.0
2010,12,29,0.0
2010,12,30,0.0
2010,12,31,0.0
2011,1,1,0.0
2011,1,2,0.0
2011,1,3,0.0
2011,1,4,0.0
2011,1,5,0.0
2011,1,6,0.0
2011,1,7,0.0
2011,1,8,0.0
2011,1,9,0.0
2011,1,10,0.0
2011,1,11,0.0
2011,1,12,0.0
2011,1,13,0.0
2011,1,14,0.0
2011,1,15,0.0
2011,1,16,0.0
2011,1,17,0.0
2011,1,18,0.0
2011,1,19,0.0
2011,1,20,0.0
2011,1,21,0.0
2011,1,22,0.0
2011,1,23,0.0
2011,1,24,0.0
2011,1,25,0.02
2011,1,26,0.0
2011,1,27,0.0
2011,1,28,0.0
2011,1,29,0.0
2011,1,30,0.0
2011,1,31,0.31
2011,2,1,0.5
2011,2,2,0.37
2011,2,3,0.45
2011,2,4,0.73
2011,2,5,0.12
2011,2,6,0.04
2011,2,7,0.06
2011,2,8,0.04
2011,2,9,0.07
2011,2,10,0.26
2011,2,11,0.17
2011,2,12,0.28
2011,2,13,0.23
2011,2,14,0.25
2011,2,15,1.25
2011,2,16,1.15
2011,2,17,2.51
2011,2,18,1.13
2011,2,19,1.86
2011,2,20,0.19
2011,2,21,0.61
2011,2,22,0.68
2011,2,23,0.14
2011,2,24,0.48
2011,2,25,1.54
2011,2,26,1.25
2011,2,27,1.49
2011,2,28,1.03
2011,3,1,0.97
2011,3,2,0.81
2011,3,3,1.24
2011,3,4,1.18
2011,3,5,0.57
2011,3,6,1.29
2011,3,7,0.21
2011,3,8,0.25
2011,3,9,0.22
2011,3,10,0.13
2011,3,11,0.36
2011,3,12,0.26
2011,3,13,0.17
2011,3,14,0.23
2011,3,15,0.28
2011,3,16,0.29
2011,3,17,0.58
2011,3,18,0.24
2011,3,19,0.52
2011,3,20,0.33
2011,3,21,0.21
2011,3,22,1.51
2011,3,23,0.71
2011,3,24,2.74
2011,3,25,1.33
2011,3,26,0.88
2011,3,27,0.76
2011,3,28,0.23
2011,3,29,0.48
2011,3,30,0.37
2011,3,31,0.15
2011,4,1,1.0
2011,4,2,0.34
2011,4,3,1.77
2011,4,4,0.9
2011,4,5,0.7
2011,4,6,1.26
2011,4,7,1.46
2011,4,8,1.13
2011,4,9,2.68
2011,4,10,1.05
2011,4,11,0.75
2011,4,12,1.21
2011,4,13,1.02
2011,4,14,1.1
2011,4,15,0.63
2011,4,16,1.84
2011,4,17,6.22
2011,4,18,6.07
2011,4,19,3.26
2011,4,20,2.62
2011,4,21,1.77
2011,4,22,2.85
2011,4,23,1.33
2011,4,24,2.3
2011,4,25,3.06
2011,4,26,1.27
2011,4,27,1.26
2011,4,28,1.34
2011,4,29,2.72
2011,4,30,1.51
2011,5,1,7.34
2011,5,2,12.44
2011,5,3,9.18
2011,5,4,7.18
2011,5,5,9.44
2011,5,6,7.41
2011,5,7,6.12
2011,5,8,5.97
2011,5,9,4.59
2011,5,10,7.25
2011,5,11,2.49
2011,5,12,2.64
2011,5,13,7.14
2011,5,14,2.62
2011,5,15,2.55
2011,5,16,5.55
2011,5,17,6.54
2011,5,18,6.35
2011,5,19,7.79
2011,5,20,5.52
2011,5,21,4.19
2011,5,22,5.88
2011,5,23,3.25
2011,5,24,4.6
2011,5,25,4.3
2011,5,26,3.79
2011,5,27,3.25
2011,5,28,4.61
2011,5,29,4.44
2011,5,30,3.97
2011,5,31,4.69
2011,6,1,3.53
2011,6,2,5.67
2011,6,3,8.67
2011,6,4,3.32
2011,6,5,3.99
2011,6,6,2.24
2011,6,7,2.9
2011,6,8,3.56
2011,6,9,3.68
2011,6,10,1.99
2011,6,11,5.62
2011,6,12,2.1
2011,6,13,4.45
2011,6,14,3.33
2011,6,15,6.7
2011,6,16,6.41
2011,6,17,6.27
2011,6,18,5.9
2011,6,19,4.2
2011,6,20,1.89
2011,6,21,5.0
2011,6,22,2.63
2011,6,23,5.35
2011,6,24,3.79
2011,6,25,4.13
2011,6,26,3.47
2011,6,27,2.56
2011,6,28,4.11
2011,6,29,6.02
2011,6,30,7.25
2011,7,1,9.68
2011,7,2,6.04
2011,7,3,5.89
2011,7,4,4.14
2011,7,5,6.58
2011,7,6,7.03
2011,7,7,5.98
2011,7,8,4.56
2011,7,9,10.21
2011,7,10,4.4
2011,7,11,5.87
2011,7,12,2.02
2011,7,13,1.61
2011,7,14,3.27
2011,7,15,7.78
2011,7,16,4.37
2011,7,17,6.06
2011,7,18,2.66
2011,7,19,4.46
2011,7,20,9.99
2011,7,21,7.51
2011,7,22,4.44
2011,7,23,6.8
2011,7,24,8.42
2011,7,25,2.42
2011,7,26,0.9
2011,7,27,1.41
2011,7,28,1.87
2011,7,29,0.77
2011,7,30,6.03
2011,7,31,6.03
2011,8,1,5.97
2011,8,2,9.49
2011,8,3,5.67
2011,8,4,3.56
2011,8,5,6.28
2011,8,6,21.92
2011,8,7,5.32
2011,8,8,3.88
2011,8,9,3.78
2011,8,10,2.56
2011,8,11,3.05
2011,8,12,4.93
2011,8,13,3.88
2011,8,14,25.04
2011,8,15,13.97
2011,8,16,6.83
2011,8,17,8.59
2011,8,18,17.4
2011,8,19,3.8
2011,8,20,2.46
2011,8,21,2.15
2011,8,22,3.1
2011,8,23,6.72
2011,8,24,6.66
2011,8,25,9.96
2011,8,26,13.25
2011,8,27,9.62
2011,8,28,8.64
2011,8,29,4.8
2011,8,30,9.26
2011,8,31,10.19
2011,9,1,7.9
2011,9,2,2.89
2011,9,3,12.36
2011,9,4,23.55
2011,9,5,10.67
2011,9,6,2.31
2011,9,7,18.29
2011,9,8,14.93
2011,9,9,11.42
2011,9,10,4.33
2011,9,11,5.37
2011,9,12,5.19
2011,9,13,10.3
2011,9,14,6.09
2011,9,15,2.03
2011,9,16,4.11
2011,9,17,6.08
2011,9,18,3.91
2011,9,19,4.3
2011,9,20,2.05
2011,9,21,3.76
2011,9,22,2.45
2011,9,23,1.98
2011,9,24,4.43
2011,9,25,3.73
2011,9,26,1.72
2011,9,27,4.96
2011,9,28,5.74
2011,9,29,4.79
2011,9,30,6.65
2011,10,1,4.47
2011,10,2,5.12
2011,10,3,5.64
2011,10,4,4.64
2011,10,5,12.04
2011,10,6,13.58
2011,10,7,12.35
2011,10,8,8.13
2011,10,9,10.05
2011,10,10,9.66
2011,10,11,4.91
2011,10,12,7.42
2011,10,13,5.88
2011,10,14,11.38
2011,10,15,13.52
2011,10,16,5.21
2011,10,17,9.74
2011,10,18,6.57
2011,10,19,4.85
2011,10,20,5.54
2011,10,21,8.03
2011,10,22,15.66
2011,10,23,3.68
2011,10,24,4.83
2011,10,25,5.77
2011,10,26,4.31
2011,10,27,2.31
2011,10,28,0.97
2011,10,29,3.13
2011,10,30,3.1
2011,10,31,1.61
2011,11,1,1.27
2011,11,2,0.59
2011,11,3,0.11
2011,11,4,0.31
2011,11,5,0.2
2011,11,6,0.56
2011,11,7,1.32
2011,11,8,0.95
2011,11,9,1.0
2011,11,10,1.17
2011,11,11,1.05
2011,11,12,0.02
2011,11,13,0.0
2011,11,14,0.0
2011,11,15,0.0
2011,11,16,0.0
2011,11,17,0.01
2011,11,18,0.0
2011,11,19,0.01
2011,11,20,0.0
2011,11,21,0.0
2011,11,22,0.07
2011,11,23,0.19
2011,11,24,0.11
2011,11,25,0.0
2011,11,26,0.0
2011,11,27,0.0
2011,11,28,0.0
2011,11,29,0.0
2011,11,30,0.0
2011,12,1,0.0
2011,12,2,0.0
2011,12,3,0.0
2011,12,4,0.0
2011,12,5,0.0
2011,12,6,0.0
2011,12,7,0.0
2011,12,8,0.0
2011,12,9,0.0
2011,12,10,0.0
2011,12,11,0.0
2011,12,12,0.0
2011,12,13,0.0
2011,12,14,0.0
2011,12,15,0.0
2011,12,16,0.0
2011,12,17,0.0
2011,12,18,0.0
2011,12,19,0.0
2011,12,20,0.0
2011,12,21,0.0
2011,12,22,0.0
2011,12,23,0.0
2011,12,24,0.0
2011,12,25,0.0
2011,12,26,0.0
2011,12,27,0.0
2011,12,28,0.0
2011,12,29,0.04
2011,12,30,0.04
2011,12,31,0.03
2012,1,1,0.0
2012,1,2,0.0
2012,1,3,0.0
2012,1,4,0.0
2012,1,5,0.0
2012,1,6,0.0
2012,1,7,0.0
2012,1,8,0.0
2012,1,9,0.0
2012,1,10,0.0
2012,1,11,0.0
2012,1,12,0.0
2012,1,13,0.0
2012,1,14,0.0
2012,1,15,0.0
2012,1,16,0.0
2012,1,17,0.0
2012,1,18,0.03
2012,1,19,0.05
2012,1,20,0.03
2012,1,21,0.02
2012,1,22,0.07
2012,1,23,0.04
2012,1,24,0.05
2012,1,25,0.0
2012,1,26,0.0
2012,1,27,0.0
2012,1,28,0.0
2012,1,29,0.0
2012,1,30,0.0
2012,1,31,0.18
2012,2,1,0.15
2012,2,2,0.0
2012,2,3,0.0
2012,2,4,0.01
2012,2,5,0.03
2012,2,6,0.36
2012,2,7,0.28
2012,2,8,0.51
2012,2,9,0.31
2012,2,10,0.27
2012,2,11,0.7
2012,2,12,0.24
2012,2,13,0.53
2012,2,14,0.47
2012,2,15,0.36
2012,2,16,0.41
2012,2,17,0.43
2012,2,18,0.44
2012,2,19,0.66
2012,2,20,2.95
2012,2,21,3.12
2012,2,22,1.35
2012,2,23,0.93
2012,2,24,1.92
2012,2,25,0.09
2012,2,26,0.09
2012,2,27,0.03
2012,2,28,0.09
2012,2,29,0.09
2012,3,1,0.1
2012,3,2,0.1
2012,3,3,0.16
2012,3,4,0.28
2012,3,5,0.24
2012,3,6,0.27
2012,3,7,0.02
2012,3,8,0.03
2012,3,9,0.02
2012,3,10,0.04
2012,3,11,0.05
2012,3,12,0.12
2012,3,13,0.12
2012,3,14,0.07
2012,3,15,0.03
2012,3,16,0.05
2012,3,17,0.0
2012,3,18,0.0
2012,3,19,0.0
2012,3,20,0.0
2012,3,21,0.0
2012,3,22,0.0
2012,3,23,0.01
2012,3,24,0.03
2012,3,25,0.02
2012,3,26,0.03
2012,3,27,1.05
2012,3,28,2.67
2012,3,29,3.08
2012,3,30,0.98
2012,3,31,2.12
2012,4,1,1.57
2012,4,2,1.38
2012,4,3,1.93
2012,4,4,1.15
2012,4,5,1.17
2012,4,6,0.49
2012,4,7,0.67
2012,4,8,0.82
2012,4,9,1.05
2012,4,10,0.91
2012,4,11,1.7
2012,4,12,2.07
2012,4,13,4.89
2012,4,14,2.39
2012,4,15,2.3
2012,4,16,7.75
2012,4,17,7.65
2012,4,18,9.53
2012,4,19,8.41
2012,4,20,3.16
2012,4,21,2.33
2012,4,22,4.23
2012,4,23,1.77
2012,4,24,4.0
2012,4,25,1.61
2012,4,26,0.59
2012,4,27,0.46
2012,4,28,0.71
2012,4,29,0.77
2012,4,30,0.88
2012,5,1,2.67
2012,5,2,3.51
2012,5,3,1.51
2012,5,4,1.1
2012,5,5,2.09
2012,5,6,3.21
2012,5,7,2.67
2012,5,8,3.53
2012,5,9,4.72
2012,5,10,3.31
2012,5,11,3.99
2012,5,12,5.12
2012,5,13,5.83
2012,5,14,6.5
2012,5,15,4.44
2012,5,16,4.11
2012,5,17,1.27
2012,5,18,3.62
2012,5,19,1.28
2012,5,20,5.89
2012,5,21,2.65
2012,5,22,1.52
2012,5,23,3.23
2012,5,24,1.81
2012,5,25,2.0
2012,5,26,3.86
2012,5,27,5.47
2012,5,28,11.86
2012,5,29,8.67
2012,5,30,10.01
2012,5,31,31.39
2012,6,1,7.0
2012,6,2,9.23
2012,6,3,8.4
2012,6,4,7.73
2012,6,5,1.4
2012,6,6,3.01
2012,6,7,6.39
2012,6,8,2.17
2012,6,9,2.91
2012,6,10,6.13
2012,6,11,8.27
2012,6,12,9.4
2012,6,13,9.16
2012,6,14,6.2
2012,6,15,3.74
2012,6,16,7.64
2012,6,17,4.83
2012,6,18,3.92
2012,6,19,6.34
2012,6,20,8.71
2012,6,21,4.42
2012,6,22,6.06
2012,6,23,2.95
2012,6,24,2.62
2012,6,25,5.25
2012,6,26,6.45
2012,6,27,15.24
2012,6,28,8.71
2012,6,29,5.4
2012,6,30,4.89
2012,7,1,8.51
2012,7,2,3.78
2012,7,3,11.76
2012,7,4,6.87
2012,7,5,1.28
2012,7,6,3.57
2012,7,7,7.49
2012,7,8,6.79
2012,7,9,4.36
2012,7,10,6.29
2012,7,11,12.46
2012,7,12,5.45
2012,7,13,4.61
2012,7,14,11.21
2012,7,15,8.95
2012,7,16,1.71
2012,7,17,4.03
2012,7,18,5.45
2012,7,19,11.14
2012,7,20,4.23
2012,7,21,8.65
2012,7,22,4.73
2012,7,23,6.63
2012,7,24,7.44
2012,7,25,3.47
2012,7,26,3.01
2012,7,27,3.02
2012,7,28,1.69
2012,7,29,1.66
2012,7,30,8.48
2012,7,31,12.9
2012,8,1,20.97
2012,8,2,6.71
2012,8,3,4.58
2012,8,4,2.84
2012,8,5,4.9
2012,8,6,3.83
2012,8,7,1.98
2012,8,8,1.64
2012,8,9,4.16
2012,8,10,5.69
2012,8,11,7.56
2012,8,12,5.86
2012,8,13,6.95
2012,8,14,20.77
2012,8,15,2.95
2012,8,16,8.85
2012,8,17,16.01
2012,8,18,5.02
2012,8,19,4.03
2012,8,20,10.35
2012,8,21,3.69
2012,8,22,3.66
2012,8,23,6.05
2012,8,24,21.04
2012,8,25,3.71
2012,8,26,2.66
2012,8,27,3.84
2012,8,28,6.14
2012,8,29,8.48
2012,8,30,10.99
2012,8,31,9.21
2012,9,1,13.17
2012,9,2,11.12
2012,9,3,10.58
2012,9,4,16.24
2012,9,5,8.03
2012,9,6,3.76
2012,9,7,5.61
2012,9,8,10.75
2012,9,9,8.05
2012,9,10,12.09
2012,9,11,7.09
2012,9,12,11.36
2012,9,13,3.97
2012,9,14,2.74
2012,9,15,7.49
2012,9,16,19.59
2012,9,17,4.42
2012,9,18,7.6
2012,9,19,5.58
2012,9,20,4.49
2012,9,21,5.34
2012,9,22,5.68
2012,9,23,3.26
2012,9,24,6.36
2012,9,25,8.1
2012,9,26,14.01
2012,9,27,6.71
2012,9,28,9.96
2012,9,29,15.21
2012,9,30,15.0
2012,10,1,12.94
2012,10,2,8.29
2012,10,3,13.47
2012,10,4,10.87
2012,10,5,6.26
2012,10,6,8.58
2012,10,7,15.78
2012,10,8,4.75
2012,10,9,4.45
2012,10,10,4.78
2012,10,11,5.1
2012,10,12,3.48
2012,10,13,5.32
2012,10,14,9.94
2012,10,15,7.22
2012,10,16,6.11
2012,10,17,3.39
2012,10,18,11.54
2012,10,19,8.99
2012,10,20,6.82
2012,10,21,6.57
2012,10,22,16.27
2012,10,23,8.76
2012,10,24,3.53
2012,10,25,3.31
2012,10,26,6.16
2012,10,27,5.74
2012,10,28,2.36
2012,10,29,2.28
2012,10,30,2.24
2012,10,31,0.98
2012,11,1,1.33
2012,11,2,2.39
2012,11,3,4.94
2012,11,4,2.52
2012,11,5,1.93
2012,11,6,2.89
2012,11,7,3.17
2012,11,8,3.17
2012,11,9,4.9
2012,11,10,2.13
2012,11,11,6.0
2012,11,12,1.35
2012,11,13,0.36
2012,11,14,0.38
2012,11,15,0.19
2012,11,16,0.09
2012,11,17,0.17
2012,11,18,0.22
2012,11,19,0.2
2012,11,20,0.16
2012,11,21,0.23
2012,11,22,0.72
2012,11,23,0.67
2012,11,24,0.82
2012,11,25,0.56
2012,11,26,0.81
2012,11,27,0.66
2012,11,28,0.66
2012,11,29,0.14
2012,11,30,0.1
2012,12,1,0.21
2012,12,2,0.27
2012,12,3,0.53
2012,12,4,0.31
2012,12,5,0.44
2012,12,6,0.4
2012,12,7,0.02
2012,12,8,0.0
2012,12,9,0.0
2012,12,10,0.0
2012,12,11,0.0
2012,12,12,0.0
2012,12,13,0.0
2012,12,14,0.0
2012,12,15,0.0
2012,12,16,0.0
2012,12,17,0.0
2012,12,18,0.0
2012,12,19,0.0
2012,12,20,0.0
2012,12,21,0.0
2012,12,22,0.0
2012,12,23,0.0
2012,12,24,0.0
2012,12,25,0.0
2012,12,26,0.0
2012,12,27,0.0
2012,12,28,0.0
2012,12,29,0.0
2012,12,30,0.0
2012,12,31,0.0
2013,1,1,0.0
2013,1,2,0.0
2013,1,3,0.0
2013,1,4,0.0
2013,1,5,0.0
2013,1,6,0.0
2013,1,7,0.0
2013,1,8,0.0
2013,1,9,0.0
2013,1,10,0.0
2013,1,11,0.0
2013,1,12,0.0
2013,1,13,0.0
2013,1,14,0.0
2013,1,15,0.01
2013,1,16,0.0
2013,1,17,0.0
2013,1,18,0.0
2013,1,19,0.0
2013,1,20,0.0
2013,1,21,0.91
2013,1,22,1.17
2013,1,23,0.33
2013,1,24,0.35
2013,1,25,0.45
2013,1,26,0.19
2013,1,27,0.29
2013,1,28,0.38
2013,1,29,0.04
2013,1,30,0.0
2013,1,31,0.0
2013,2,1,0.0
2013,2,2,0.0
2013,2,3,0.0
2013,2,4,0.47
2013,2,5,0.16
2013,2,6,0.0
2013,2,7,0.0
2013,2,8,0.0
2013,2,9,0.0
2013,2,10,0.0
2013,2,11,0.07
2013,2,12,0.05
2013,2,13,0.13
2013,2,14,0.16
2013,2,15,0.79
2013,2,16,0.48
2013,2,17,0.61
2013,2,18,0.54
2013,2,19,0.88
2013,2,20,0.38
2013,2,21,0.31
2013,2,22,0.36
2013,2,23,0.41
2013,2,24,0.29
2013,2,25,0.49
2013,2,26,0.44
2013,2,27,0.45
2013,2,28,0.29
2013,3,1,0.34
2013,3,2,0.05
2013,3,3,0.04
2013,3,4,0.06
2013,3,5,0.02
2013,3,6,0.09
2013,3,7,1.78
2013,3,8,1.94
2013,3,9,1.86
2013,3,10,1.69
2013,3,11,1.54
2013,3,12,1.6
2013,3,13,2.91
2013,3,14,3.68
2013,3,15,4.09
2013,3,16,4.25
2013,3,17,1.06
2013,3,18,1.13
2013,3,19,1.13
2013,3,20,0.62
2013,3,21,0.63
2013,3,22,0.38
2013,3,23,0.55
2013,3,24,0.61
2013,3,25,0.23
2013,3,26,0.77
2013,3,27,3.87
2013,3,28,2.32
2013,3,29,0.48
2013,3,30,3.3
2013,3,31,3.98
2013,4,1,0.44
2013,4,2,0.39
2013,4,3,0.26
2013,4,4,0.25
2013,4,5,0.2
2013,4,6,1.3
2013,4,7,1.68
2013,4,8,2.08
2013,4,9,3.1
2013,4,10,3.31
2013,4,11,1.04
2013,4,12,1.52
2013,4,13,2.36
2013,4,14,1.99
2013,4,15,1.39
2013,4,16,0.57
2013,4,17,0.87
2013,4,18,1.44
2013,4,19,0.98
2013,4,20,0.61
2013,4,21,1.24
2013,4,22,1.74
2013,4,23,0.79
2013,4,24,1.83
2013,4,25,0.79
2013,4,26,4.81
2013,4,27,1.94
2013,4,28,0.83
2013,4,29,0.91
2013,4,30,5.76
2013,5,1,7.01
2013,5,2,4.63
2013,5,3,7.5
2013,5,4,3.02
2013,5,5,4.34
2013,5,6,1.93
2013,5,7,2.6
2013,5,8,0.56
2013,5,9,1.56
2013,5,10,2.17
2013,5,11,1.44
2013,5,12,2.4
2013,5,13,5.73
2013,5,14,3.82
2013,5,15,2.0
2013,5,16,2.56
2013,5,17,4.78
2013,5,18,4.37
2013,5,19,2.74
2013,5,20,2.67
2013,5,21,1.05
2013,5,22,0.9
2013,5,23,1.1
2013,5,24,0.74
2013,5,25,2.05
2013,5,26,6.47
2013,5,27,13.92
2013,5,28,7.52
2013,5,29,17.11
2013,5,30,4.03
2013,5,31,2.92
2013,6,1,4.81
2013,6,2,4.03
2013,6,3,4.61
2013,6,4,4.63
2013,6,5,1.79
2013,6,6,1.08
2013,6,7,1.79
2013,6,8,2.61
2013,6,9,1.75
2013,6,10,3.34
2013,6,11,4.12
2013,6,12,4.06
2013,6,13,1.98
2013,6,14,2.83
2013,6,15,2.84
2013,6,16,3.62
2013,6,17,4.05
2013,6,18,3.69
2013,6,19,1.52
2013,6,20,0.75
2013,6,21,4.52
2013,6,22,3.03
2013,6,23,8.55
2013,6,24,10.77
2013,6,25,5.23
2013,6,26,2.68
2013,6,27,4.86
2013,6,28,3.45
2013,6,29,1.45
2013,6,30,2.7
2013,7,1,3.06
2013,7,2,3.29
2013,7,3,5.35
2013,7,4,2.89
2013,7,5,2.66
2013,7,6,3.01
2013,7,7,5.6
2013,7,8,4.77
2013,7,9,2.19
2013,7,10,4.78
2013,7,11,7.71
2013,7,12,6.69
2013,7,13,7.8
2013,7,14,7.25
2013,7,15,1.02
2013,7,16,1.57
2013,7,17,1.33
2013,7,18,3.64
2013,7,19,3.62
2013,7,20,10.62
2013,7,21,7.24
2013,7,22,6.4
2013,7,23,9.34
2013,7,24,9.7
2013,7,25,5.49
2013,7,26,1.02
2013,7,27,1.38
2013,7,28,1.58
2013,7,29,1.4
2013,7,30,2.26
2013,7,31,1.46
2013,8,1,1.9
2013,8,2,2.63
2013,8,3,1.6
2013,8,4,3.69
2013,8,5,3.44
2013,8,6,8.14
2013,8,7,3.69
2013,8,8,3.51
2013,8,9,0.91
2013,8,10,1.21
2013,8,11,1.71
2013,8,12,1.23
2013,8,13,0.66
2013,8,14,2.48
2013,8,15,4.54
2013,8,16,2.03
2013,8,17,5.69
2013,8,18,3.97
2013,8,19,6.7
2013,8,20,7.11
2013,8,21,20.69
2013,8,22,14.5
2013,8,23,8.44
2013,8,24,8.44
2013,8,25,5.03
2013,8,26,6.99
2013,8,27,4.63
2013,8,28,5.26
2013,8,29,8.0
2013,8,30,3.37
2013,8,31,5.45
2013,9,1,7.17
2013,9,2,4.95
2013,9,3,4.66
2013,9,4,9.41
2013,9,5,11.62
2013,9,6,4.13
2013,9,7,5.69
2013,9,8,8.8
2013,9,9,7.7
2013,9,10,11.95
2013,9,11,4.4
2013,9,12,2.64
2013,9,13,3.19
2013,9,14,3.3
2013,9,15,1.52
2013,9,16,1.17
2013,9,17,2.89
2013,9,18,3.71
2013,9,19,2.0
2013,9,20,3.5
2013,9,21,5.11
2013,9,22,4.7
2013,9,23,6.04
2013,9,24,1.67
2013,9,25,2.29
2013,9,26,4.4
2013,9,27,3.84
2013,9,28,2.38
2013,9,29,1.87
2013,9,30,3.61
2013,10,1,6.02
2013,10,2,4.51
2013,10,3,26.13
2013,10,4,7.93
2013,10,5,7.94
2013,10,6,10.27
2013,10,7,15.07
2013,10,8,5.29
2013,10,9,3.3
2013,10,10,5.77
2013,10,11,1.95
2013,10,12,3.98
2013,10,13,3.1
2013,10,14,8.46
2013,10,15,8.43
2013,10,16,2.97
2013,10,17,1.07
2013,10,18,1.3
2013,10,19,1.8
2013,10,20,1.25
2013,10,21,1.31
2013,10,22,1.61
2013,10,23,0.95
2013,10,24,1.2
2013,10,25,0.81
2013,10,26,1.1
2013,10,27,1.38
2013,10,28,1.37
2013,10,29,0.94
2013,10,30,0.57
2013,10,31,0.74
2013,11,1,0.87
2013,11,2,1.29
2013,11,3,0.78
2013,11,4,0.01
2013,11,5,0.78
2013,11,6,1.17
2013,11,7,1.29
2013,11,8,0.77
2013,11,9,1.14
2013,11,10,0.49
2013,11,11,0.67
2013,11,12,1.82
2013,11,13,4.1
2013,11,14,1.9
2013,11,15,2.32
2013,11,16,1.83
2013,11,17,1.37
2013,11,18,1.24
2013,11,19,0.84
2013,11,20,1.15
2013,11,21,0.86
2013,11,22,0.21
2013,11,23,0.25
2013,11,24,0.31
2013,11,25,0.06
2013,11,26,0.35
2013,11,27,0.2
2013,11,28,0.03
2013,11,29,0.01
2013,11,30,0.17
2013,12,1,0.26
2013,12,2,2.0
2013,12,3,1.5
2013,12,4,1.62
2013,12,5,0.61
2013,12,6,0.96
2013,12,7,0.19
2013,12,8,0.41
2013,12,9,0.5
2013,12,10,0.57
2013,12,11,0.78
2013,12,12,0.84
2013,12,13,0.54
2013,12,14,0.0
2013,12,15,0.0
2013,12,16,0.0
2013,12,17,0.0
2013,12,18,0.0
2013,12,19,0.0
2013,12,20,0.0
2013,12,21,0.0
2013,12,22,0.0
2013,12,23,0.0
2013,12,24,0.0
2013,12,25,0.0
2013,12,26,0.0
2013,12,27,0.0
2013,12,28,0.0
2013,12,29,0.0
2013,12,30,0.0
2013,12,31,0.0
2014,1,1,0.0
2014,1,2,0.0
2014,1,3,0.0
2014,1,4,0.0
2014,1,5,0.0
2014,1,6,0.0
2014,1,7,0.0
2014,1,8,0.0
2014,1,9,0.0
2014,1,10,0.0
2014,1,11,0.0
2014,1,12,0.0
2014,1,13,0.0
2014,1,14,0.0
2014,1,15,0.0
2014,1,16,0.04
2014,1,17,0.04
2014,1,18,0.05
2014,1,19,0.0
2014,1,20,0.0
2014,1,21,0.02
2014,1,22,0.01
2014,1,23,0.02
2014,1,24,0.02
2014,1,25,0.02
2014,1,26,0.28
2014,1,27,0.21
2014,1,28,0.38
2014,1,29,0.88
2014,1,30,0.44
2014,1,31,0.02
2014,2,1,0.02
2014,2,2,0.01
2014,2,3,0.0
2014,2,4,0.0
2014,2,5,0.0
2014,2,6,0.0
2014,2,7,0.0
2014,2,8,0.0
2014,2,9,0.0
2014,2,10,0.0
2014,2,11,0.0
2014,2,12,0.0
2014,2,13,0.0
2014,2,14,0.0
2014,2,15,0.0
2014,2,16,0.0
2014,2,17,0.0
2014,2,18,0.0
2014,2,19,0.0
2014,2,20,0.0
2014,2,21,0.0
2014,2,22,0.0
2014,2,23,0.0
2014,2,24,0.0
2014,2,25,1.22
2014,2,26,1.05
2014,2,27,1.04
2014,2,28,0.74
2014,3,1,0.78
2014,3,2,0.11
2014,3,3,0.35
2014,3,4,0.07
2014,3,5,0.21
2014,3,6,0.3
2014,3,7,2.1
2014,3,8,2.16
2014,3,9,1.32
2014,3,10,2.27
2014,3,11,2.26
2014,3,12,0.71
2014,3,13,0.01
2014,3,14,1.11
2014,3,15,1.83
2014,3,16,1.64
2014,3,17,0.12
2014,3,18,0.15
2014,3,19,0.06
2014,3,20,0.11
2014,3,21,0.11
2014,3,22,0.74
2014,3,23,0.44
2014,3,24,2.7
2014,3,25,0.46
2014,3,26,0.42
2014,3,27,2.24
2014,3,28,2.18
2014,3,29,2.04
2014,3,30,1.6
2014,3,31,1.18
2014,4,1,0.77
2014,4,2,0.54
2014,4,3,0.08
2014,4,4,0.55
2014,4,5,1.13
2014,4,6,1.89
2014,4,7,1.46
2014,4,8,2.87
2014,4,9,2.93
2014,4,10,2.67
2014,4,11,1.91
2014,4,12,2.81
2014,4,13,2.91
2014,4,14,4.01
2014,4,15,1.81
2014,4,16,3.73
2014,4,17,3.87
2014,4,18,8.07
2014,4,19,5.76
2014,4,20,14.77
2014,4,21,3.72
2014,4,22,4.07
2014,4,23,3.46
2014,4,24,8.59
2014,4,25,5.81
2014,4,26,5.33
2014,4,27,4.52
2014,4,28,10.63
2014,4,29,10.67
2014,4,30,9.59
2014,5,1,6.62
2014,5,2,7.9
2014,5,3,8.1
2014,5,4,7.93
2014,5,5,15.14
2014,5,6,6.24
2014,5,7,2.46
2014,5,8,4.29
2014,5,9,1.88
2014,5,10,3.8
2014,5,11,1.24
2014,5,12,0.87
2014,5,13,2.39
2014,5,14,1.49
2014,5,15,1.01
2014,5,16,1.03
2014,5,17,0.82
2014,5,18,1.71
2014,5,19,1.39
2014,5,20,0.49
2014,5,21,1.37
2014,5,22,0.74
2014,5,23,1.36
2014,5,24,0.91
2014,5,25,0.9
2014,5,26,10.78
2014,5,27,8.1
2014,5,28,8.48
2014,5,29,6.17
2014,5,30,7.59
2014,5,31,4.33
2014,6,1,4.36
2014,6,2,4.25
2014,6,3,2.68
2014,6,4,6.06
2014,6,5,6.4
2014,6,6,10.39
2014,6,7,7.86
2014,6,8,3.94
2014,6,9,2.5
2014,6,10,4.2
2014,6,11,2.85
2014,6,12,4.88
2014,6,13,2.59
2014,6,14,1.76
2014,6,15,2.0
2014,6,16,4.29
2014,6,17,5.41
2014,6,18,7.87
2014,6,19,4.27
2014,6,20,4.48
2014,6,21,7.58
2014,6,22,5.22
2014,6,23,8.47
2014,6,24,5.46
2014,6,25,0.96
2014,6,26,1.75
2014,6,27,1.13
2014,6,28,0.6
2014,6,29,1.34
2014,6,30,6.26
2014,7,1,7.04
2014,7,2,9.17
2014,7,3,2.99
2014,7,4,8.65
2014,7,5,9.41
2014,7,6,3.96
2014,7,7,10.71
2014,7,8,5.5
2014,7,9,4.74
2014,7,10,0.63
2014,7,11,0.62
2014,7,12,0.69
2014,7,13,0.6
2014,7,14,0.51
2014,7,15,3.79
2014,7,16,8.37
2014,7,17,9.14
2014,7,18,9.03
2014,7,19,3.28
2014,7,20,1.23
2014,7,21,1.25
2014,7,22,2.81
2014,7,23,3.09
2014,7,24,0.93
2014,7,25,0.54
2014,7,26,0.44
2014,7,27,0.44
2014,7,28,0.71
2014,7,29,1.29
2014,7,30,2.7
2014,7,31,2.5
2014,8,1,3.91
2014,8,2,3.39
2014,8,3,11.04
2014,8,4,5.29
2014,8,5,7.7
2014,8,6,3.27
2014,8,7,6.99
2014,8,8,6.41
2014,8,9,12.04
2014,8,10,9.69
2014,8,11,33.23
2014,8,12,13.21
2014,8,13,10.91
2014,8,14,0.92
2014,8,15,1.69
2014,8,16,0.86
2014,8,17,1.35
2014,8,18,0.46
2014,8,19,1.23
2014,8,20,1.56
2014,8,21,2.0
2014,8,22,3.39
2014,8,23,0.67
2014,8,24,2.01
2014,8,25,2.57
2014,8,26,2.47
2014,8,27,2.69
2014,8,28,3.24
2014,8,29,7.83
2014,8,30,11.61
2014,8,31,13.16
2014,9,1,5.65
2014,9,2,20.52
2014,9,3,3.1
2014,9,4,0.7
2014,9,5,0.79
2014,9,6,0.6
2014,9,7,0.67
2014,9,8,7.31
2014,9,9,9.45
2014,9,10,8.2
2014,9,11,4.54
2014,9,12,7.75
2014,9,13,3.39
2014,9,14,3.83
2014,9,15,3.2
2014,9,16,8.77
2014,9,17,5.38
2014,9,18,0.66
2014,9,19,1.09
2014,9,20,2.66
2014,9,21,2.96
2014,9,22,1.19
2014,9,23,4.21
2014,9,24,10.54
2014,9,25,2.78
2014,9,26,5.9
2014,9,27,4.11
2014,9,28,6.48
2014,9,29,5.48
2014,9,30,9.87
2014,10,1,9.18
2014,10,2,5.6
2014,10,3,2.28
2014,10,4,2.95
2014,10,5,2.0
2014,10,6,2.92
2014,10,7,1.72
2014,10,8,1.94
2014,10,9,3.35
2014,10,10,2.06
2014,10,11,3.22
2014,10,12,3.25
2014,10,13,0.49
2014,10,14,0.75
2014,10,15,0.52
2014,10,16,0.4
2014,10,17,1.04
2014,10,18,3.4
2014,10,19,1.43
2014,10,20,0.89
2014,10,21,0.99
2014,10,22,2.71
2014,10,23,2.9
2014,10,24,4.43
2014,10,25,5.38
2014,10,26,2.75
2014,10,27,3.82
2014,10,28,3.48
2014,10,29,5.03
2014,10,30,9.73
2014,10,31,6.89
2014,11,1,3.7
2014,11,2,2.04
2014,11,3,3.28
2014,11,4,3.43
2014,11,5,3.43
2014,11,6,0.93
2014,11,7,0.05
2014,11,8,0.1
2014,11,9,0.14
2014,11,10,0.19
2014,11,11,0.08
2014,11,12,0.0
2014,11,13,0.0
2014,11,14,0.0
2014,11,15,0.0
2014,11,16,0.0
2014,11,17,0.65
2014,11,18,0.57
2014,11,19,0.41
2014,11,20,0.05
2014,11,21,0.01
2014,11,22,0.0
2014,11,23,0.0
2014,11,24,0.0
2014,11,25,0.0
2014,11,26,0.0
2014,11,27,0.0
2014,11,28,0.0
2014,11,29,0.0
2014,11,30,0.0
2014,12,1,0.0
2014,12,2,0.0
2014,12,3,0.0
2014,12,4,0.0
2014,12,5,0.0
2014,12,6,0.0
2014,12,7,0.0
2014,12,8,0.0
2014,12,9,0.0
2014,12,10,0.0
2014,12,11,0.0
2014,12,12,0.0
2014,12,13,0.0
2014,12,14,0.0
2014,12,15,0.0
2014,12,16,0.0
2014,12,17,0.0
2014,12,18,0.0
2014,12,19,0.0
2014,12,20,0.0
2014,12,21,0.0
2014,12,22,0.0
2014,12,23,0.0
2014,12,24,0.0
2014,12,25,0.0
2014,12,26,0.0
2014,12,27,0.0
2014,12,28,0.0
2014,12,29,0.0
2014,12,30,0.0
2014,12,31,0.0
2015,1,1,0.0
2015,1,2,0.0
2015,1,3,0.0
2015,1,4,0.0
2015,1,5,0.0
2015,1,6,0.0
2015,1,7,0.0
2015,1,8,0.0
2015,1,9,0.0
2015,1,10,0.0
2015,1,11,0.0
2015,1,12,0.0
2015,1,13,0.0
2015,1,14,0.0
2015,1,15,0.0
2015,1,16,0.0
2015,1,17,0.0
2015,1,18,0.0
2015,1,19,0.07
2015,1,20,0.04
2015,1,21,0.0
2015,1,22,0.01
2015,1,23,0.0
2015,1,24,0.0
2015,1,25,0.07
2015,1,26,0.02
2015,1,27,0.0
2015,1,28,0.0
2015,1,29,0.0
2015,1,30,0.0
2015,1,31,0.0
2015,2,1,0.0
2015,2,2,0.0
2015,2,3,0.0
2015,2,4,0.0
2015,2,5,0.03
2015,2,6,0.15
2015,2,7,0.11
2015,2,8,0.5
2015,2,9,0.1
2015,2,10,0.0
2015,2,11,0.0
2015,2,12,0.0
2015,2,13,0.0
2015,2,14,0.0
2015,2,15,0.08
2015,2,16,0.33
2015,2,17,1.26
2015,2,18,2.25
2015,2,19,0.17
2015,2,20,0.1
2015,2,21,0.31
2015,2,22,1.81
2015,2,23,0.09
2015,2,24,1.42
2015,2,25,0.25
2015,2,26,3.64
2015,2,27,0.76
2015,2,28,0.21
2015,3,1,0.0
2015,3,2,0.0
2015,3,3,0.0
2015,3,4,0.0
2015,3,5,0.0
2015,3,6,0.0
2015,3,7,0.1
2015,3,8,0.68
2015,3,9,2.42
2015,3,10,0.73
2015,3,11,1.5
2015,3,12,0.2
2015,3,13,0.01
2015,3,14,0.0
2015,3,15,0.07
2015,3,16,0.54
2015,3,17,3.01
2015,3,18,0.2
2015,3,19,0.19
2015,3,20,2.81
2015,3,21,6.45
2015,3,22,0.51
2015,3,23,0.37
2015,3,24,1.06
2015,3,25,0.37
2015,3,26,6.06
2015,3,27,0.08
2015,3,28,0.1
2015,3,29,0.26
2015,3,30,0.77
2015,3,31,1.39
2015,4,1,0.0
2015,4,2,0.0
2015,4,3,0.01
2015,4,4,0.36
2015,4,5,0.51
2015,4,6,2.04
2015,4,7,8.23
2015,4,8,10.22
2015,4,9,3.02
2015,4,10,1.24
2015,4,11,2.49
2015,4,12,0.76
2015,4,13,0.01
2015,4,14,0.0
2015,4,15,0.01
2015,4,16,0.0
2015,4,17,0.0
2015,4,18,0.0
2015,4,19,0.0
2015,4,20,0.01
2015,4,21,0.29
2015,4,22,0.82
2015,4,23,0.79
2015,4,24,2.26
2015,4,25,5.17
2015,4,26,0.65
2015,4,27,0.07
2015,4,28,0.17
2015,4,29,0.06
2015,4,30,0.24
2015,5,1,0.82
2015,5,2,0.74
2015,5,3,1.67
2015,5,4,1.02
2015,5,5,6.06
2015,5,6,0.01
2015,5,7,0.32
2015,5,8,0.63
2015,5,9,0.96
2015,5,10,0.94
2015,5,11,1.57
2015,5,12,3.91
2015,5,13,3.31
2015,5,14,7.53
2015,5,15,2.69
2015,5,16,0.85
2015,5,17,1.3
2015,5,18,1.34
2015,5,19,0.21
2015,5,20,0.22
2015,5,21,2.96
2015,5,22,1.01
2015,5,23,1.84
2015,5,24,0.76
2015,5,25,1.11
2015,5,26,3.85
2015,5,27,5.45
2015,5,28,3.78
2015,5,29,1.8
2015,5,30,5.75
2015,5,31,6.11
2015,6,1,5.6
2015,6,2,3.47
2015,6,3,2.73
2015,6,4,5.64
2015,6,5,3.99
2015,6,6,1.58
2015,6,7,1.0
2015,6,8,1.03
2015,6,9,1.08
2015,6,10,2.29
2015,6,11,1.58
2015,6,12,1.78
2015,6,13,2.45
2015,6,14,1.49
2015,6,15,2.73
2015,6,16,3.07
2015,6,17,3.94
2015,6,18,6.1
2015,6,19,8.73
2015,6,20,2.26
2015,6,21,1.69
2015,6,22,0.89
2015,6,23,1.08
2015,6,24,1.73
2015,6,25,3.18
2015,6,26,2.1
2015,6,27,2.26
2015,6,28,2.3
2015,6,29,3.05
2015,6,30,7.03
2015,7,1,4.96
2015,7,2,9.94
2015,7,3,7.72
2015,7,4,5.18
2015,7,5,1.68
2015,7,6,3.04
2015,7,7,9.28
2015,7,8,8.16
2015,7,9,5.8
2015,7,10,17.52
2015,7,11,22.59
2015,7,12,15.45
2015,7,13,2.75
2015,7,14,5.67
2015,7,15,1.39
2015,7,16,2.1
2015,7,17,0.97
2015,7,18,2.12
2015,7,19,2.1
2015,7,20,2.29
2015,7,21,1.91
2015,7,22,0.17
2015,7,23,7.29
2015,7,24,5.81
2015,7,25,1.6
2015,7,26,3.55
2015,7,27,12.34
2015,7,28,2.71
2015,7,29,5.02
2015,7,30,1.85
2015,7,31,0.99
2015,8,1,2.3
2015,8,2,4.33
2015,8,3,4.69
2015,8,4,2.23
2015,8,5,1.45
2015,8,6,1.51
2015,8,7,5.16
2015,8,8,6.46
2015,8,9,0.26
2015,8,10,1.35
2015,8,11,4.21
2015,8,12,1.63
2015,8,13,0.74
2015,8,14,1.88
2015,8,15,2.62
2015,8,16,5.16
2015,8,17,3.44
2015,8,18,0.93
2015,8,19,1.41
2015,8,20,2.33
2015,8,21,1.81
2015,8,22,0.72
2015,8,23,1.32
2015,8,24,13.35
2015,8,25,3.14
2015,8,26,5.85
2015,8,27,5.03
2015,8,28,11.41
2015,8,29,9.08
2015,8,30,5.84
2015,8,31,4.85
2015,9,1,6.37
2015,9,2,5.52
2015,9,3,7.25
2015,9,4,3.79
2015,9,5,4.72
2015,9,6,5.19
2015,9,7,10.56
2015,9,8,6.46
2015,9,9,6.52
2015,9,10,7.18
2015,9,11,5.04
2015,9,12,1.21
2015,9,13,2.49
2015,9,14,4.75
2015,9,15,3.71
2015,9,16,10.52
2015,9,17,5.46
2015,9,18,1.29
2015,9,19,3.12
2015,9,20,4.98
2015,9,21,3.13
2015,9,22,2.0
2015,9,23,4.96
2015,9,24,10.65
2015,9,25,2.9
2015,9,26,3.94
2015,9,27,3.51
2015,9,28,6.68
2015,9,29,7.71
2015,9,30,0.9
2015,10,1,2.05
2015,10,2,2.64
2015,10,3,5.33
2015,10,4,3.37
2015,10,5,3.77
2015,10,6,3.82
2015,10,7,7.36
2015,10,8,14.95
2015,10,9,4.54
2015,10,10,2.71
2015,10,11,3.88
2015,10,12,1.89
2015,10,13,5.42
2015,10,14,4.75
2015,10,15,6.21
2015,10,16,3.86
2015,10,17,8.17
2015,10,18,2.49
2015,10,19,3.01
2015,10,20,1.82
2015,10,21,2.73
2015,10,22,3.98
2015,10,23,2.86
2015,10,24,2.53
2015,10,25,2.94
2015,10,26,7.02
2015,10,27,5.74
2015,10,28,10.11
2015,10,29,5.14
2015,10,30,2.9
2015,10,31,9.13
2015,11,1,4.44
2015,11,2,4.37
2015,11,3,0.14
2015,11,4,0.13
2015,11,5,2.94
2015,11,6,0.6
2015,11,7,0.22
2015,11,8,0.92
2015,11,9,1.0
2015,11,10,1.83
2015,11,11,0.33
2015,11,12,0.0
2015,11,13,0.0
2015,11,14,0.0
2015,11,15,0.0
2015,11,16,0.0
2015,11,17,0.0
2015,11,18,0.0
2015,11,19,0.0
2015,11,20,0.0
2015,11,21,0.0
2015,11,22,0.0
2015,11,23,0.0
2015,11,24,0.0
2015,11,25,0.0
2015,11,26,0.0
2015,11,27,0.0
2015,11,28,0.0
2015,11,29,0.0
2015,11,30,0.0
2015,12,1,0.0
2015,12,2,0.0
2015,12,3,0.0
2015,12,4,0.0
2015,12,5,0.0
2015,12,6,0.0
2015,12,7,0.0
2015,12,8,0.0
2015,12,9,0.0
2015,12,10,0.0
2015,12,11,0.0
2015,12,12,0.0
2015,12,13,0.0
2015,12,14,0.0
2015,12,15,0.0
2015,12,16,0.0
2015,12,17,0.0
2015,12,18,0.0
2015,12,19,0.0
2015,12,20,0.0
2015,12,21,0.0
2015,12,22,0.0
2015,12,23,0.0
2015,12,24,0.0
2015,12,25,0.0
2015,12,26,0.0
2015,12,27,0.0
2015,12,28,0.0
2015,12,29,0.0
2015,12,30,0.0
2015,12,31,0.0
2016,1,1,0.0
2016,1,2,0.0
2016,1,3,0.0
2016,1,4,0.0
2016,1,5,0.0
2016,1,6,0.0
2016,1,7,0.0
2016,1,8,0.0
2016,1,9,0.14
2016,1,10,0.0
2016,1,11,0.0
2016,1,12,0.0
2016,1,13,0.0
2016,1,14,0.0
2016,1,15,0.0
2016,1,16,0.0
2016,1,17,0.16
2016,1,18,0.0
2016,1,19,0.0
2016,1,20,0.0
2016,1,21,0.0
2016,1,22,0.0
2016,1,23,0.0
2016,1,24,0.0
2016,1,25,0.0
2016,1,26,0.0
2016,1,27,0.0
2016,1,28,0.0
2016,1,29,0.0
2016,1,30,0.0
2016,1,31,0.0
2016,2,1,0.0
2016,2,2,0.0
2016,2,3,0.0
2016,2,4,0.0
2016,2,5,0.0
2016,2,6,0.0
2016,2,7,0.0
2016,2,8,0.0
2016,2,9,0.0
2016,2,10,0.0
2016,2,11,0.0
2016,2,12,0.0
2016,2,13,0.06
2016,2,14,0.12
2016,2,15,0.0
2016,2,16,0.0
2016,2,17,0.0
2016,2,18,0.01
2016,2,19,0.03
2016,2,20,0.0
2016,2,21,0.0
2016,2,22,0.0
2016,2,23,0.0
2016,2,24,0.0
2016,2,25,0.03
2016,2,26,0.02
2016,2,27,0.02
2016,2,28,0.15
2016,2,29,0.55
2016,3,1,0.48
2016,3,2,1.77
2016,3,3,0.58
2016,3,4,3.05
2016,3,5,0.88
2016,3,6,0.89
2016,3,7,1.03
2016,3,8,3.15
2016,3,9,1.41
2016,3,10,2.2
2016,3,11,0.54
2016,3,12,2.45
2016,3,13,8.21
2016,3,14,0.58
2016,3,15,1.99
2016,3,16,2.13
2016,3,17,2.93
2016,3,18,6.78
2016,3,19,0.25
2016,3,20,2.8
2016,3,21,0.54
2016,3,22,0.33
2016,3,23,3.29
2016,3,24,3.36
2016,3,25,1.06
2016,3,26,0.99
2016,3,27,2.69
2016,3,28,1.56
2016,3,29,3.5
2016,3,30,0.44
2016,3,31,2.94
2016,4,1,1.09
2016,4,2,0.24
2016,4,3,0.14
2016,4,4,1.12
2016,4,5,0.58
2016,4,6,5.05
2016,4,7,2.76
2016,4,8,0.28
2016,4,9,7.91
2016,4,10,18.21
2016,4,11,15.74
2016,4,12,0.37
2016,4,13,1.3
2016,4,14,2.33
2016,4,15,0.74
2016,4,16,1.51
2016,4,17,0.83
2016,4,18,3.43
2016,4,19,1.85
2016,4,20,1.07
2016,4,21,0.32
2016,4,22,0.32
2016,4,23,0.51
2016,4,24,0.59
2016,4,25,0.89
2016,4,26,6.85
2016,4,27,5.61
2016,4,28,9.04
2016,4,29,1.92
2016,4,30,4.71
2016,5,1,2.98
2016,5,2,3.29
2016,5,3,8.09
2016,5,4,1.62
2016,5,5,2.11
2016,5,6,0.22
2016,5,7,0.97
2016,5,8,1.4
2016,5,9,0.66
2016,5,10,2.04
2016,5,11,1.96
2016,5,12,4.07
2016,5,13,4.14
2016,5,14,5.38
2016,5,15,9.48
2016,5,16,5.85
2016,5,17,1.7
2016,5,18,7.51
2016,5,19,5.81
2016,5,20,3.91
2016,5,21,8.48
2016,5,22,27.27
2016,5,23,12.2
2016,5,24,2.68
2016,5,25,2.87
2016,5,26,4.87
2016,5,27,4.55
2016,5,28,7.24
2016,5,29,13.9
2016,5,30,1.75
2016,5,31,2.27
2016,6,1,6.01
2016,6,2,8.64
2016,6,3,8.2
2016,6,4,3.76
2016,6,5,6.06
2016,6,6,2.87
2016,6,7,2.81
2016,6,8,4.34
2016,6,9,11.38
2016,6,10,2.39
2016,6,11,3.68
2016,6,12,1.25
2016,6,13,1.22
2016,6,14,1.71
2016,6,15,24.48
2016,6,16,17.44
2016,6,17,0.4
2016,6,18,1.67
2016,6,19,8.49
2016,6,20,11.75
2016,6,21,1.56
2016,6,22,0.12
2016,6,23,6.51
2016,6,24,9.54
2016,6,25,0.56
2016,6,26,4.4
2016,6,27,6.38
2016,6,28,2.88
2016,6,29,3.71
2016,6,30,6.59
2016,7,1,1.27
2016,7,2,2.69
2016,7,3,7.69
2016,7,4,9.1
2016,7,5,20.13
2016,7,6,0.68
2016,7,7,1.58
2016,7,8,2.69
2016,7,9,3.07
2016,7,10,13.94
2016,7,11,4.03
2016,7,12,2.6
2016,7,13,4.09
2016,7,14,6.52
2016,7,15,1.77
2016,7,16,2.2
2016,7,17,1.6
2016,7,18,4.7
2016,7,19,29.19
2016,7,20,6.98
2016,7,21,4.5
2016,7,22,2.07
2016,7,23,7.38
2016,7,24,9.56
2016,7,25,11.9
2016,7,26,3.26
2016,7,27,3.91
2016,7,28,1.41
2016,7,29,6.02
2016,7,30,5.91
2016,7,31,1.79
2016,8,1,4.19
2016,8,2,32.14
2016,8,3,6.74
2016,8,4,7.66
2016,8,5,12.88
2016,8,6,16.13
2016,8,7,4.9
2016,8,8,2.94
2016,8,9,3.98
2016,8,10,8.57
2016,8,11,9.96
2016,8,12,7.89
2016,8,13,8.46
2016,8,14,10.14
2016,8,15,3.5
2016,8,16,4.47
2016,8,17,5.79
2016,8,18,2.65
2016,8,19,12.97
2016,8,20,9.43
2016,8,21,12.0
2016,8,22,8.49
2016,8,23,6.85
2016,8,24,5.03
2016,8,25,3.23
2016,8,26,11.26
2016,8,27,1.68
2016,8,28,1.01
2016,8,29,3.22
2016,8,30,4.99
2016,8,31,5.75
2016,9,1,6.9
2016,9,2,4.11
2016,9,3,4.69
2016,9,4,8.38
2016,9,5,21.68
2016,9,6,10.44
2016,9,7,2.93
2016,9,8,4.1
2016,9,9,4.93
2016,9,10,2.63
2016,9,11,4.71
2016,9,12,4.31
2016,9,13,11.54
2016,9,14,0.92
2016,9,15,6.39
2016,9,16,6.51
2016,9,17,8.38
2016,9,18,7.32
2016,9,19,16.55
2016,9,20,11.09
2016,9,21,12.8
2016,9,22,13.57
2016,9,23,16.23
2016,9,24,8.86
2016,9,25,4.68
2016,9,26,7.88
2016,9,27,7.3
2016,9,28,2.69
2016,9,29,6.03
2016,9,30,11.76
2016,10,1,5.07
2016,10,2,1.78
2016,10,3,1.3
2016,10,4,2.04
2016,10,5,4.69
2016,10,6,3.71
2016,10,7,8.25
2016,10,8,8.46
2016,10,9,6.29
2016,10,10,10.2
2016,10,11,10.22
2016,10,12,5.03
2016,10,13,9.96
2016,10,14,3.08
2016,10,15,6.29
2016,10,16,5.25
2016,10,17,3.46
2016,10,18,8.53
2016,10,19,3.06
2016,10,20,3.46
2016,10,21,9.15
2016,10,22,6.45
2016,10,23,0.78
2016,10,24,0.33
2016,10,25,0.49
2016,10,26,1.75
2016,10,27,0.83
2016,10,28,3.18
2016,10,29,5.1
2016,10,30,5.6
2016,10,31,2.66
2016,11,1,2.46
2016,11,2,0.29
2016,11,3,0.24
2016,11,4,0.01
2016,11,5,0.04
2016,11,6,0.01
2016,11,7,0.07
2016,11,8,0.06
2016,11,9,0.0
2016,11,10,0.0
2016,11,11,0.02
2016,11,12,0.0
2016,11,13,0.0
2016,11,14,0.0
2016,11,15,0.0
2016,11,16,0.0
2016,11,17,0.23
2016,11,18,0.34
2016,11,19,0.7
2016,11,20,0.16
2016,11,21,0.33
2016,11,22,0.3
2016,11,23,0.53
2016,11,24,0.31
2016,11,25,0.23
2016,11,26,0.08
2016,11,27,0.01
2016,11,28,0.03
2016,11,29,0.01
2016,11,30,0.01
2016,12,1,0.0
2016,12,2,0.0
2016,12,3,0.0
2016,12,4,0.0
2016,12,5,0.0
2016,12,6,0.0
2016,12,7,0.01
2016,12,8,0.17
2016,12,9,0.14
2016,12,10,0.12
2016,12,11,0.02
2016,12,12,0.0
2016,12,13,0.0
2016,12,14,0.0
2016,12,15,0.0
2016,12,16,0.0
2016,12,17,0.0
2016,12,18,0.0
2016,12,19,0.0
2016,12,20,0.0
2016,12,21,0.0
2016,12,22,0.0
2016,12,23,0.0
2016,12,24,0.0
2016,12,25,0.0
2016,12,26,0.0
2016,12,27,0.0
2016,12,28,0.0
2016,12,29,0.0
2016,12,30,0.0
2016,12,31,0.0
2017,1,1,0.0
2017,1,2,0.0
2017,1,3,0.0
2017,1,4,0.0
2017,1,5,0.0
2017,1,6,0.0
2017,1,7,0.0
2017,1,8,0.0
2017,1,9,0.0
2017,1,10,0.0
2017,1,11,0.0
2017,1,12,0.0
2017,1,13,0.0
2017,1,14,0.0
2017,1,15,0.0
2017,1,16,0.0
2017,1,17,0.0
2017,1,18,0.0
2017,1,19,0.0
2017,1,20,0.0
2017,1,21,0.0
2017,1,22,0.0
2017,1,23,0.0
2017,1,24,0.0
2017,1,25,0.0
2017,1,26,0.67
2017,1,27,0.02
2017,1,28,0.0
2017,1,29,0.0
2017,1,30,0.0
2017,1,31,0.18
2017,2,1,0.0
2017,2,2,0.0
2017,2,3,0.0
2017,2,4,0.0
2017,2,5,0.0
2017,2,6,0.0
2017,2,7,0.0
2017,2,8,0.0
2017,2,9,0.0
2017,2,10,0.0
2017,2,11,0.0
2017,2,12,0.0
2017,2,13,0.0
2017,2,14,0.0
2017,2,15,0.0
2017,2,16,0.0
2017,2,17,0.0
2017,2,18,0.0
2017,2,19,0.0
2017,2,20,0.0
2017,2,21,0.0
2017,2,22,0.0
2017,2,23,0.0
2017,2,24,0.0
2017,2,25,0.0
2017,2,26,0.0
2017,2,27,0.0
2017,2,28,0.0
2017,3,1,0.0
2017,3,2,0.08
2017,3,3,0.03
2017,3,4,0.03
2017,3,5,0.06
2017,3,6,0.62
2017,3,7,1.31
2017,3,8,1.15
2017,3,9,18.33
2017,3,10,0.16
2017,3,11,0.01
2017,3,12,0.05
2017,3,13,0.0
2017,3,14,1.47
2017,3,15,0.17
2017,3,16,0.04
2017,3,17,0.07
2017,3,18,0.13
2017,3,19,0.31
2017,3,20,0.3
2017,3,21,0.29
2017,3,22,1.52
2017,3,23,1.89
2017,3,24,0.27
2017,3,25,0.43
2017,3,26,0.71
2017,3,27,0.39
2017,3,28,0.23
2017,3,29,0.37
2017,3,30,0.23
2017,3,31,0.19
2017,4,1,0.47
2017,4,2,0.33
2017,4,3,0.26
2017,4,4,0.11
2017,4,5,0.59
2017,4,6,3.66
2017,4,7,1.2
2017,4,8,2.25
2017,4,9,12.64
2017,4,10,3.57
2017,4,11,1.6
2017,4,12,1.43
2017,4,13,2.02
2017,4,14,3.49
2017,4,15,101.3
2017,4,16,0.07
2017,4,17,3.15
2017,4,18,0.21
2017,4,19,4.71
2017,4,20,6.93
2017,4,21,6.2
2017,4,22,2.35
2017,4,23,0.56
2017,4,24,0.35
2017,4,25,0.92
2017,4,26,0.62
2017,4,27,4.73
2017,4,28,2.93
2017,4,29,1.44
2017,4,30,13.73
2017,5,1,3.25
2017,5,2,22.01
2017,5,3,23.38
2017,5,4,2.38
2017,5,5,2.11
2017,5,6,8.24
2017,5,7,2.29
2017,5,8,3.98
2017,5,9,79.26
2017,5,10,2.16
2017,5,11,3.98
2017,5,12,1.28
2017,5,13,3.58
2017,5,14,4.13
2017,5,15,11.23
2017,5,16,8.71
2017,5,17,1.09
2017,5,18,1.27
2017,5,19,4.28
2017,5,20,43.34
2017,5,21,1.34
2017,5,22,1.86
2017,5,23,1.81
2017,5,24,13.13
2017,5,25,21.62
2017,5,26,2.39
2017,5,27,2.25
2017,5,28,1.21
2017,5,29,3.22
2017,5,30,4.57
2017,5,31,2.63
2017,6,1,1.11
2017,6,2,1.42
2017,6,3,1.85
2017,6,4,3.17
2017,6,5,2.32
2017,6,6,3.85
2017,6,7,5.2
2017,6,8,4.0
2017,6,9,0.47
2017,6,10,1.04
2017,6,11,1.87
2017,6,12,4.43
2017,6,13,10.63
2017,6,14,1.19
2017,6,15,1.78
2017,6,16,9.43
2017,6,17,11.18
2017,6,18,2.3
2017,6,19,10.95
2017,6,20,19.13
2017,6,21,4.08
2017,6,22,2.95
2017,6,23,7.58
2017,6,24,5.32
2017,6,25,37.45
2017,6,26,20.08
2017,6,27,4.13
2017,6,28,4.49
2017,6,29,3.34
2017,6,30,3.69
2017,7,1,2.76
2017,7,2,1.49
2017,7,3,1.57
2017,7,4,4.54
2017,7,5,1.87
2017,7,6,0.68
2017,7,7,0.77
2017,7,8,1.22
2017,7,9,0.4
2017,7,10,1.27
2017,7,11,1.28
2017,7,12,0.62
2017,7,13,1.54
2017,7,14,5.27
2017,7,15,4.57
2017,7,16,2.6
2017,7,17,2.46
2017,7,18,8.5
2017,7,19,1.47
2017,7,20,6.49
2017,7,21,10.6
2017,7,22,5.16
2017,7,23,2.62
2017,7,24,6.53
2017,7,25,7.57
2017,7,26,3.18
2017,7,27,10.37
2017,7,28,26.75
2017,7,29,2.79
2017,7,30,4.1
2017,7,31,1.79
2017,8,1,3.19
2017,8,2,2.29
2017,8,3,0.98
2017,8,4,8.54
2017,8,5,9.0
2017,8,6,4.02
2017,8,7,10.25
2017,8,8,7.01
2017,8,9,2.21
2017,8,10,2.83
2017,8,11,3.03
2017,8,12,3.01
2017,8,13,31.79
2017,8,14,3.06
2017,8,15,8.46
2017,8,16,12.52
2017,8,17,0.88
2017,8,18,0.32
2017,8,19,0.51
2017,8,20,1.65
2017,8,21,7.43
2017,8,22,14.18
2017,8,23,2.41
2017,8,24,4.64
2017,8,25,5.76
2017,8,26,18.33
2017,8,27,8.5
2017,8,28,5.08
2017,8,29,8.25
2017,8,30,7.34
2017,8,31,7.37
2017,9,1,7.74
2017,9,2,10.22
2017,9,3,2.0
2017,9,4,1.81
2017,9,5,2.05
2017,9,6,2.84
2017,9,7,36.43
2017,9,8,5.34
2017,9,9,0.45
2017,9,10,1.48
2017,9,11,6.53
2017,9,12,0.94
2017,9,13,2.24
2017,9,14,1.91
2017,9,15,3.84
2017,9,16,3.62
2017,9,17,3.31
2017,9,18,1.26
2017,9,19,2.79
2017,9,20,12.94
2017,9,21,5.91
2017,9,22,14.94
2017,9,23,5.47
2017,9,24,9.66
2017,9,25,36.61
2017,9,26,9.12
2017,9,27,19.54
2017,9,28,51.74
2017,9,29,1.67
2017,9,30,1.04
2017,10,1,1.0
2017,10,2,4.45
2017,10,3,3.88
2017,10,4,3.04
2017,10,5,54.56
2017,10,6,2.19
2017,10,7,6.13
2017,10,8,4.94
2017,10,9,2.13
2017,10,10,0.77
2017,10,11,4.05
2017,10,12,7.88
2017,10,13,1.18
2017,10,14,1.51
2017,10,15,0.36
2017,10,16,0.26
2017,10,17,0.16
2017,10,18,0.25
2017,10,19,0.1
2017,10,20,0.01
2017,10,21,0.21
2017,10,22,0.4
2017,10,23,0.15
2017,10,24,0.26
2017,10,25,0.43
2017,10,26,0.72
2017,10,27,0.01
2017,10,28,0.24
2017,10,29,0.02
2017,10,30,0.01
2017,10,31,0.92
2017,11,1,0.44
2017,11,2,0.22
2017,11,3,0.12
2017,11,4,0.2
2017,11,5,0.17
2017,11,6,0.16
2017,11,7,0.0
2017,11,8,0.0
2017,11,9,0.0
2017,11,10,0.0
2017,11,11,0.0
2017,11,12,0.0
2017,11,13,0.05
2017,11,14,0.02
2017,11,15,0.06
2017,11,16,0.03
2017,11,17,0.16
2017,11,18,0.38
2017,11,19,0.72
2017,11,20,0.12
2017,11,21,0.09
2017,11,22,0.27
2017,11,23,0.06
2017,11,24,0.0
2017,11,25,0.0
2017,11,26,0.0
2017,11,27,0.0
2017,11,28,0.0
2017,11,29,0.0
2017,11,30,0.0
2017,12,1,0.0
2017,12,2,0.0
2017,12,3,0.0
2017,12,4,0.0
2017,12,5,0.0
2017,12,6,0.0
2017,12,7,0.0
2017,12,8,0.0
2017,12,9,0.0
2017,12,10,0.0
2017,12,11,0.0
2017,12,12,0.0
2017,12,13,0.0
2017,12,14,0.0
2017,12,15,0.03
2017,12,16,0.0
2017,12,17,0.0
2017,12,18,0.0
2017,12,19,0.0
2017,12,20,0.0
2017,12,21,0.0
2017,12,22,0.01
2017,12,23,0.01
2017,12,24,0.0
2017,12,25,0.0
2017,12,26,0.0
2017,12,27,0.0
2017,12,28,0.0
2017,12,29,0.0
2017,12,30,0.0
2017,12,31,0.0
2018,1,1,0.0
2018,1,2,0.0
2018,1,3,0.0
2018,1,4,0.0
2018,1,5,0.0
2018,1,6,0.0
2018,1,7,0.0
2018,1,8,0.0
2018,1,9,0.0
2018,1,10,0.01
2018,1,11,0.0
2018,1,12,0.0
2018,1,13,0.0
2018,1,14,0.0
2018,1,15,0.0
2018,1,16,0.0
2018,1,17,0.0
2018,1,18,0.0
2018,1,19,0.0
2018,1,20,0.0
2018,1,21,0.0
2018,1,22,0.0
2018,1,23,0.0
2018,1,24,0.0
2018,1,25,0.0
2018,1,26,0.0
2018,1,27,0.0
2018,1,28,0.0
2018,1,29,0.0
2018,1,30,0.0
2018,1,31,0.0
2018,2,1,0.0
2018,2,2,0.0
2018,2,3,0.0
2018,2,4,0.0
2018,2,5,0.0
2018,2,6,0.0
2018,2,7,1.15
2018,2,8,0.2
2018,2,9,2.74
2018,2,10,0.11
2018,2,11,2.69
2018,2,12,0.29
2018,2,13,0.11
2018,2,14,0.0
2018,2,15,0.01
2018,2,16,0.0
2018,2,17,0.1
2018,2,18,0.06
2018,2,19,8.01
2018,2,20,0.07
2018,2,21,0.21
2018,2,22,0.29
2018,2,23,3.11
2018,2,24,1.41
2018,2,25,0.03
2018,2,26,1.56
2018,2,27,0.22
2018,2,28,1.17
2018,3,1,0.68
2018,3,2,0.21
2018,3,3,0.07
2018,3,4,0.06
2018,3,5,0.02
2018,3,6,0.02
2018,3,7,0.15
2018,3,8,1.14
2018,3,9,0.41
2018,3,10,0.06
2018,3,11,0.19
2018,3,12,0.11
2018,3,13,0.06
2018,3,14,0.07
2018,3,15,0.1
2018,3,16,0.12
2018,3,17,0.41
2018,3,18,0.14
2018,3,19,0.46
2018,3,20,0.42
2018,3,21,2.69
2018,3,22,4.21
2018,3,23,0.96
2018,3,24,0.04
2018,3,25,0.53
2018,3,26,0.0
2018,3,27,0.01
2018,3,28,0.04
2018,3,29,0.41
2018,3,30,0.01
2018,3,31,0.0
2018,4,1,0.29
2018,4,2,0.25
2018,4,3,0.12
2018,4,4,0.37
2018,4,5,2.69
2018,4,6,1.75
2018,4,7,0.08
2018,4,8,0.45
2018,4,9,8.13
2018,4,10,0.54
2018,4,11,0.11
2018,4,12,0.15
2018,4,13,0.4
2018,4,14,0.17
2018,4,15,0.37
2018,4,16,0.16
2018,4,17,0.56
2018,4,18,0.71
2018,4,19,0.48
2018,4,20,0.3
2018,4,21,0.32
2018,4,22,0.35
2018,4,23,0.61
2018,4,24,0.61
2018,4,25,2.09
2018,4,26,0.12
2018,4,27,0.42
2018,4,28,0.0
2018,4,29,0.1
2018,4,30,0.23
2018,5,1,9.18
2018,5,2,0.03
2018,5,3,0.39
2018,5,4,1.32
2018,5,5,0.89
2018,5,6,0.14
2018,5,7,1.21
2018,5,8,0.05
2018,5,9,9.22
2018,5,10,4.61
2018,5,11,3.84
2018,5,12,8.0
2018,5,13,1.18
2018,5,14,5.06
2018,5,15,0.26
2018,5,16,5.67
2018,5,17,7.32
2018,5,18,4.64
2018,5,19,0.57
2018,5,20,4.72
2018,5,21,0.73
2018,5,22,0.49
2018,5,23,0.25
2018,5,24,0.48
2018,5,25,0.54
2018,5,26,2.22
2018,5,27,2.56
2018,5,28,2.64
2018,5,29,0.46
2018,5,30,1.54
2018,5,31,2.36
2018,6,1,12.61
2018,6,2,4.28
2018,6,3,30.82
2018,6,4,1.89
2018,6,5,21.38
2018,6,6,5.58
2018,6,7,0.68
2018,6,8,3.44
2018,6,9,1.98
2018,6,10,16.79
2018,6,11,23.84
2018,6,12,1.33
2018,6,13,1.32
2018,6,14,2.53
2018,6,15,5.05
2018,6,16,6.68
2018,6,17,9.77
2018,6,18,9.67
2018,6,19,13.44
2018,6,20,5.0
2018,6,21,3.28
2018,6,22,0.58
2018,6,23,11.38
2018,6,24,18.55
2018,6,25,2.7
2018,6,26,4.15
2018,6,27,1.8
2018,6,28,3.47
2018,6,29,23.06
2018,6,30,2.89
2018,7,1,4.43
2018,7,2,2.18
2018,7,3,3.44
2018,7,4,0.93
2018,7,5,6.82
2018,7,6,4.79
2018,7,7,3.61
2018,7,8,1.43
2018,7,9,8.67
2018,7,10,0.32
2018,7,11,0.72
2018,7,12,1.0
2018,7,13,2.6
2018,7,14,0.3
2018,7,15,1.24
2018,7,16,4.35
2018,7,17,17.73
2018,7,18,9.64
2018,7,19,5.23
2018,7,20,6.63
2018,7,21,15.48
2018,7,22,0.67
2018,7,23,1.15
2018,7,24,2.66
2018,7,25,9.88
2018,7,26,11.0
2018,7,27,8.51
2018,7,28,3.04
2018,7,29,1.28
2018,7,30,0.24
2018,7,31,0.68
2018,8,1,0.89
2018,8,2,1.21
2018,8,3,0.13
2018,8,4,0.75
2018,8,5,16.79
2018,8,6,1.25
2018,8,7,0.88
2018,8,8,1.99
2018,8,9,2.29
2018,8,10,0.34
2018,8,11,2.24
2018,8,12,2.76
2018,8,13,14.53
2018,8,14,2.09
2018,8,15,2.46
2018,8,16,8.65
2018,8,17,11.74
2018,8,18,4.07
2018,8,19,4.18
2018,8,20,1.05
2018,8,21,6.37
2018,8,22,5.21
2018,8,23,4.53
2018,8,24,5.64
2018,8,25,0.18
2018,8,26,0.47
2018,8,27,0.76
2018,8,28,0.5
2018,8,29,4.1
2018,8,30,4.02
2018,8,31,17.32
2018,9,1,23.51
2018,9,2,7.74
2018,9,3,1.11
2018,9,4,4.28
2018,9,5,47.89
2018,9,6,11.71
2018,9,7,5.35
2018,9,8,4.63
2018,9,9,7.22
2018,9,10,13.95
2018,9,11,6.05
2018,9,12,3.5
2018,9,13,3.41
2018,9,14,1.12
2018,9,15,2.35
2018,9,16,2.86
2018,9,17,2.45
2018,9,18,1.09
2018,9,19,0.26
2018,9,20,0.24
2018,9,21,2.62
2018,9,22,1.54
2018,9,23,2.51
2018,9,24,7.24
2018,9,25,14.81
2018,9,26,2.6
2018,9,27,6.04
2018,9,28,3.39
2018,9,29,11.15
2018,9,30,0.22
2018,10,1,5.24
2018,10,2,1.94
2018,10,3,0.11
2018,10,4,1.0
2018,10,5,17.31
2018,10,6,0.45
2018,10,7,0.19
2018,10,8,3.29
2018,10,9,3.56
2018,10,10,2.99
2018,10,11,2.81
2018,10,12,3.1
2018,10,13,2.51
2018,10,14,3.86
2018,10,15,5.81
2018,10,16,5.84
2018,10,17,9.68
2018,10,18,0.55
2018,10,19,0.05
2018,10,20,0.07
2018,10,21,0.07
2018,10,22,0.32
2018,10,23,2.48
2018,10,24,5.97
2018,10,25,2.28
2018,10,26,1.68
2018,10,27,1.73
2018,10,28,0.05
2018,10,29,0.67
2018,10,30,0.64
2018,10,31,0.21
2018,11,1,0.08
2018,11,2,7.3
2018,11,3,16.86
2018,11,4,1.43
2018,11,5,0.51
2018,11,6,3.43
2018,11,7,0.62
2018,11,8,0.01
2018,11,9,0.0
2018,11,10,0.0
2018,11,11,0.0
2018,11,12,0.0
2018,11,13,0.02
2018,11,14,0.04
2018,11,15,0.04
2018,11,16,0.0
2018,11,17,16.61
2018,11,18,0.01
2018,11,19,1.23
2018,11,20,3.06
2018,11,21,0.07
2018,11,22,0.0
2018,11,23,0.0
2018,11,24,0.0
2018,11,25,0.0
2018,11,26,0.0
2018,11,27,0.01
2018,11,28,0.0
2018,11,29,0.0
2018,11,30,0.0
2018,12,1,0.0
2018,12,2,0.0
2018,12,3,0.0
2018,12,4,0.0
2018,12,5,0.0
2018,12,6,0.0
2018,12,7,0.0
2018,12,8,0.0
2018,12,9,0.0
2018,12,10,0.0
2018,12,11,0.0
2018,12,12,0.0
2018,12,13,0.0
2018,12,14,0.0
2018,12,15,0.0
2018,12,16,0.0
2018,12,17,0.0
2018,12,18,0.0
2018,12,19,0.0
2018,12,20,0.0
2018,12,21,0.0
2018,12,22,0.0
2018,12,23,0.0
2018,12,24,0.0
2018,12,25,0.0
2018,12,26,0.0
2018,12,27,0.0
2018,12,28,0.0
2018,12,29,0.0
2018,12,30,0.0
2018,12,31,0.0
2019,1,1,0.0
2019,1,2,0.0
2019,1,3,0.0
2019,1,4,0.0
2019,1,5,0.0
2019,1,6,0.0
2019,1,7,0.0
2019,1,8,0.12
2019,1,9,0.0
2019,1,10,0.0
2019,1,11,0.0
2019,1,12,0.0
2019,1,13,0.0
2019,1,14,0.01
2019,1,15,0.0
2019,1,16,0.0
2019,1,17,0.0
2019,1,18,0.0
2019,1,19,0.23
2019,1,20,0.45
2019,1,21,0.0
2019,1,22,0.01
2019,1,23,0.06
2019,1,24,1.06
2019,1,25,0.07
2019,1,26,0.02
2019,1,27,0.1
2019,1,28,0.53
2019,1,29,0.32
2019,1,30,0.04
2019,1,31,0.01
2019,2,1,0.0
2019,2,2,0.0
2019,2,3,0.0
2019,2,4,0.14
2019,2,5,2.86
2019,2,6,0.14
2019,2,7,0.0
2019,2,8,0.0
2019,2,9,0.0
2019,2,10,0.0
2019,2,11,0.0
2019,2,12,0.0
2019,2,13,0.0
2019,2,14,0.0
2019,2,15,0.0
2019,2,16,0.0
2019,2,17,0.0
2019,2,18,0.0
2019,2,19,0.0
2019,2,20,0.0
2019,2,21,0.0
2019,2,22,0.0
2019,2,23,0.0
2019,2,24,0.01
2019,2,25,0.12
2019,2,26,0.03
2019,2,27,0.07
2019,2,28,0.03
2019,3,1,0.03
2019,3,2,0.03
2019,3,3,0.67
2019,3,4,3.42
2019,3,5,1.86
2019,3,6,2.56
2019,3,7,0.08
2019,3,8,0.21
2019,3,9,0.45
2019,3,10,0.1
2019,3,11,0.01
2019,3,12,0.08
2019,3,13,0.12
2019,3,14,0.04
2019,3,15,0.07
2019,3,16,0.0
2019,3,17,0.01
2019,3,18,0.02
2019,3,19,0.04
2019,3,20,0.18
2019,3,21,0.95
2019,3,22,0.0
2019,3,23,0.01
2019,3,24,0.0
2019,3,25,0.0
2019,3,26,0.0
2019,3,27,0.02
2019,3,28,0.14
2019,3,29,1.51
2019,3,30,1.03
2019,3,31,1.6
2019,4,1,0.01
2019,4,2,0.17
2019,4,3,0.3
2019,4,4,0.22
2019,4,5,0.61
2019,4,6,0.39
2019,4,7,1.47
2019,4,8,0.5
2019,4,9,0.92
2019,4,10,2.08
2019,4,11,0.39
2019,4,12,0.52
2019,4,13,1.82
2019,4,14,0.12
2019,4,15,0.05
2019,4,16,0.01
2019,4,17,0.02
2019,4,18,0.04
2019,4,19,0.0
2019,4,20,0.0
2019,4,21,0.03
2019,4,22,0.86
2019,4,23,0.73
2019,4,24,0.51
2019,4,25,0.8
2019,4,26,0.0
2019,4,27,0.0
2019,4,28,0.01
2019,4,29,0.02
2019,4,30,0.01
2019,5,1,2.01
2019,5,2,4.86
2019,5,3,4.59
2019,5,4,4.76
2019,5,5,4.73
2019,5,6,1.71
2019,5,7,1.64
2019,5,8,1.26
2019,5,9,1.42
2019,5,10,2.94
2019,5,11,0.08
2019,5,12,0.02
2019,5,13,0.02
2019,5,14,0.02
2019,5,15,0.1
2019,5,16,4.28
2019,5,17,14.15
2019,5,18,0.16
2019,5,19,3.51
2019,5,20,10.78
2019,5,21,1.91
2019,5,22,0.35
2019,5,23,0.55
2019,5,24,3.62
2019,5,25,12.16
2019,5,26,0.05
2019,5,27,0.02
2019,5,28,1.13
2019,5,29,1.22
2019,5,30,2.09
2019,5,31,0.27
2019,6,1,1.06
2019,6,2,0.62
2019,6,3,0.22
2019,6,4,1.2
2019,6,5,1.51
2019,6,6,2.19
2019,6,7,4.24
2019,6,8,4.56
2019,6,9,2.13
2019,6,10,0.17
2019,6,11,0.43
2019,6,12,0.82
2019,6,13,0.25
2019,6,14,0.38
2019,6,15,0.19
2019,6,16,0.44
2019,6,17,0.4
2019,6,18,1.1
2019,6,19,1.14
2019,6,20,2.95
2019,6,21,1.64
2019,6,22,1.46
2019,6,23,2.58
2019,6,24,6.85
2019,6,25,3.75
2019,6,26,6.65
2019,6,27,7.46
2019,6,28,3.34
2019,6,29,4.27
2019,6,30,2.06
2019,7,1,2.79
2019,7,2,1.67
2019,7,3,6.03
2019,7,4,14.47
2019,7,5,0.46
2019,7,6,0.05
2019,7,7,0.56
2019,7,8,3.59
2019,7,9,0.49
2019,7,10,1.73
2019,7,11,37.34
2019,7,12,17.41
2019,7,13,2.64
2019,7,14,10.7
2019,7,15,7.32
2019,7,16,3.16
2019,7,17,1.68
2019,7,18,5.54
2019,7,19,47.4
2019,7,20,1.81
2019,7,21,1.21
2019,7,22,5.29
2019,7,23,1.37
2019,7,24,2.21
2019,7,25,7.57
2019,7,26,4.03
2019,7,27,1.63
2019,7,28,8.79
2019,7,29,0.85
2019,7,30,2.97
2019,7,31,4.42
2019,8,1,10.43
2019,8,2,14.38
2019,8,3,3.21
2019,8,4,0.72
2019,8,5,21.14
2019,8,6,23.89
2019,8,7,3.56
2019,8,8,8.46
2019,8,9,5.9
2019,8,10,2.49
2019,8,11,6.13
2019,8,12,6.5
2019,8,13,2.86
2019,8,14,4.05
2019,8,15,3.87
2019,8,16,3.24
2019,8,17,2.68
2019,8,18,6.55
2019,8,19,5.01
2019,8,20,5.23
2019,8,21,7.78
2019,8,22,7.32
2019,8,23,12.24
2019,8,24,1.67
2019,8,25,0.11
2019,8,26,2.52
2019,8,27,30.69
2019,8,28,4.55
2019,8,29,3.04
2019,8,30,1.95
2019,8,31,1.05
2019,9,1,3.43
2019,9,2,0.53
2019,9,3,2.42
2019,9,4,32.69
2019,9,5,3.53
2019,9,6,0.73
2019,9,7,1.18
2019,9,8,13.46
2019,9,9,5.7
2019,9,10,2.2
2019,9,11,13.04
2019,9,12,0.75
2019,9,13,2.59
2019,9,14,6.27
2019,9,15,6.9
2019,9,16,2.8
2019,9,17,2.42
2019,9,18,19.74
2019,9,19,6.85
2019,9,20,5.28
2019,9,21,0.69
2019,9,22,3.4
2019,9,23,1.27
2019,9,24,2.1
2019,9,25,1.13
2019,9,26,7.59
2019,9,27,1.68
2019,9,28,0.31
2019,9,29,0.63
2019,9,30,3.92
2019,10,1,8.5
2019,10,2,4.76
2019,10,3,18.92
2019,10,4,18.79
2019,10,5,3.35
2019,10,6,16.18
2019,10,7,16.88
2019,10,8,5.46
2019,10,9,0.98
2019,10,10,1.09
2019,10,11,7.9
2019,10,12,4.0
2019,10,13,17.72
2019,10,14,1.62
2019,10,15,4.68
2019,10,16,6.77
2019,10,17,4.13
2019,10,18,0.54
2019,10,19,1.19
2019,10,20,1.66
2019,10,21,0.15
2019,10,22,0.27
2019,10,23,12.63
2019,10,24,37.34
2019,10,25,6.96
2019,10,26,15.26
2019,10,27,32.75
2019,10,28,4.29
2019,10,29,2.55
2019,10,30,0.22
2019,10,31,1.11
2019,11,1,1.13
2019,11,2,51.13
2019,11,3,0.95
2019,11,4,0.56
2019,11,5,1.15
2019,11,6,0.31
2019,11,7,0.03
2019,11,8,0.06
2019,11,9,0.03
2019,11,10,0.5
2019,11,11,0.3
2019,11,12,2.95
2019,11,13,1.32
2019,11,14,2.38
2019,11,15,4.84
2019,11,16,2.81
2019,11,17,0.14
2019,11,18,0.01
2019,11,19,0.04
2019,11,20,0.49
2019,11,21,0.43
2019,11,22,0.06
2019,11,23,0.03
2019,11,24,0.01
2019,11,25,0.0
2019,11,26,0.0
2019,11,27,0.0
2019,11,28,0.0
2019,11,29,0.0
2019,11,30,0.0
2019,12,1,0.0
2019,12,2,0.0
2019,12,3,0.0
2019,12,4,8.77
2019,12,5,0.75
2019,12,6,0.01
2019,12,7,0.0
2019,12,8,0.0
2019,12,9,0.0
2019,12,10,0.0
2019,12,11,0.0
2019,12,12,0.0
2019,12,13,0.0
2019,12,14,0.0
2019,12,15,0.0
2019,12,16,0.0
2019,12,17,0.0
2019,12,18,0.0
2019,12,19,0.0
2019,12,20,0.0
2019,12,21,0.0
2019,12,22,0.0
2019,12,23,0.0
2019,12,24,0.0
2019,12,25,0.0
2019,12,26,0.0
2019,12,27,0.0
2019,12,28,0.0
2019,12,29,0.0
2019,12,30,0.0
2019,12,31,0.0
2020,1,1,0.0
2020,1,2,0.0
2020,1,3,0.0
2020,1,4,0.0
2020,1,5,0.0
2020,1,6,0.0
2020,1,7,0.0
2020,1,8,0.0
2020,1,9,0.0
2020,1,10,0.0
2020,1,11,0.0
2020,1,12,0.0
2020,1,13,0.0
2020,1,14,0.0
2020,1,15,0.0
2020,1,16,0.0
2020,1,17,0.0
2020,1,18,0.0
2020,1,19,0.0
2020,1,20,0.0
2020,1,21,0.0
2020,1,22,0.0
2020,1,23,0.0
2020,1,24,0.0
2020,1,25,0.0
2020,1,26,0.0
2020,1,27,0.0
2020,1,28,0.0
2020,1,29,0.0
2020,1,30,0.0
2020,1,31,0.0
2020,2,1,0.0
2020,2,2,0.0
2020,2,3,0.0
2020,2,4,0.0
2020,2,5,0.0
2020,2,6,0.0
2020,2,7,0.0
2020,2,8,0.0
2020,2,9,0.0
2020,2,10,0.0
2020,2,11,0.0
2020,2,12,0.0
2020,2,13,0.0
2020,2,14,0.0
2020,2,15,0.0
2020,2,16,0.0
2020,2,17,0.0
2020,2,18,0.0
2020,2,19,0.0
2020,2,20,0.0
2020,2,21,0.0
2020,2,22,0.0
2020,2,23,0.0
2020,2,24,0.0
2020,2,25,0.0
2020,2,26,0.0
2020,2,27,0.0
2020,2,28,0.11
2020,2,29,0.01
2020,3,1,0.0
2020,3,2,0.04
2020,3,3,0.13
2020,3,4,0.14
2020,3,5,0.02
2020,3,6,0.06
2020,3,7,0.33
2020,3,8,0.15
2020,3,9,0.21
2020,3,10,0.07
2020,3,11,0.0
2020,3,12,2.48
2020,3,13,0.0
2020,3,14,0.0
2020,3,15,0.0
2020,3,16,0.06
2020,3,17,0.48
2020,3,18,1.05
2020,3,19,1.38
2020,3,20,5.08
2020,3,21,1.88
2020,3,22,2.72
2020,3,23,3.96
2020,3,24,40.04
2020,3,25,1.86
2020,3,26,0.9
2020,3,27,0.18
2020,3,28,2.91
2020,3,29,6.9
2020,3,30,57.55
2020,3,31,7.05
2020,4,1,1.27
2020,4,2,0.26
2020,4,3,1.62
2020,4,4,0.91
2020,4,5,0.4
2020,4,6,7.11
2020,4,7,4.78
2020,4,8,10.72
2020,4,9,7.05
2020,4,10,16.12
2020,4,11,1.58
2020,4,12,1.71
2020,4,13,4.01
2020,4,14,11.84
2020,4,15,17.97
2020,4,16,0.91
2020,4,17,0.1
2020,4,18,0.17
2020,4,19,0.25
2020,4,20,0.05
2020,4,21,0.06
2020,4,22,0.28
2020,4,23,0.55
2020,4,24,1.98
2020,4,25,3.15
2020,4,26,32.77
2020,4,27,7.56
2020,4,28,1.59
2020,4,29,3.38
2020,4,30,5.85
2020,5,1,9.51
2020,5,2,1.6
2020,5,3,3.54
2020,5,4,3.61
2020,5,5,0.37
2020,5,6,0.62
2020,5,7,3.62
2020,5,8,6.57
2020,5,9,2.05
2020,5,10,2.57
2020,5,11,0.4
2020,5,12,0.6
2020,5,13,0.39
2020,5,14,0.87
2020,5,15,2.48
2020,5,16,1.13
2020,5,17,7.49
2020,5,18,8.32
2020,5,19,9.87
2020,5,20,9.99
2020,5,21,5.21
2020,5,22,8.34
2020,5,23,0.95
2020,5,24,5.48
2020,5,25,10.87
2020,5,26,4.92
2020,5,27,0.52
2020,5,28,0.4
2020,5,29,12.65
2020,5,30,7.42
2020,5,31,2.28
2020,6,1,0.96
2020,6,2,1.06
2020,6,3,1.21
2020,6,4,0.85
2020,6,5,7.66
2020,6,6,20.98
2020,6,7,3.85
2020,6,8,6.66
2020,6,9,3.59
2020,6,10,11.32
2020,6,11,22.07
2020,6,12,25.9
2020,6,13,25.73
2020,6,14,4.85
2020,6,15,1.38
2020,6,16,2.57
2020,6,17,4.2
2020,6,18,2.32
2020,6,19,1.87
2020,6,20,3.01
2020,6,21,4.98
2020,6,22,4.39
2020,6,23,4.4
2020,6,24,2.22
2020,6,25,7.51
2020,6,26,10.56
2020,6,27,4.29
2020,6,28,8.59
2020,6,29,12.77
2020,6,30,10.45
2020,7,1,0.15
2020,7,2,0.63
2020,7,3,1.98
2020,7,4,7.1
2020,7,5,9.53
2020,7,6,1.1
2020,7,7,4.93
2020,7,8,2.07
2020,7,9,1.88
2020,7,10,8.0
2020,7,11,2.38
2020,7,12,1.76
2020,7,13,5.04
2020,7,14,11.29
2020,7,15,9.76
2020,7,16,7.69
2020,7,17,10.41
2020,7,18,33.45
2020,7,19,5.88
2020,7,20,12.49
2020,7,21,6.7
2020,7,22,3.74
2020,7,23,5.46
2020,7,24,14.87
2020,7,25,7.57
2020,7,26,5.43
2020,7,27,6.16
2020,7,28,20.61
2020,7,29,4.4
2020,7,30,0.76
2020,7,31,0.55
2020,8,1,2.12
2020,8,2,1.33
2020,8,3,0.68
2020,8,4,0.69
2020,8,5,1.71
2020,8,6,7.11
2020,8,7,0.32
2020,8,8,0.62
2020,8,9,0.37
2020,8,10,0.22
2020,8,11,0.41
2020,8,12,0.18
2020,8,13,4.37
2020,8,14,1.28
2020,8,15,0.21
2020,8,16,0.2
2020,8,17,1.81
2020,8,18,1.87
2020,8,19,1.6
2020,8,20,4.1
2020,8,21,6.0
2020,8,22,2.46
2020,8,23,7.47
2020,8,24,6.78
2020,8,25,1.5
2020,8,26,0.9
2020,8,27,2.24
2020,8,28,4.82
2020,8,29,5.54
2020,8,30,5.59
2020,8,31,5.14
2020,9,1,6.25
2020,9,2,3.93
2020,9,3,2.22
2020,9,4,4.66
2020,9,5,12.62
2020,9,6,5.06
2020,9,7,1.16
2020,9,8,10.4
2020,9,9,18.57
2020,9,10,13.81
2020,9,11,0.88
2020,9,12,2.05
2020,9,13,2.85
2020,9,14,2.43
2020,9,15,4.06
2020,9,16,13.4
2020,9,17,11.0
2020,9,18,0.5
2020,9,19,13.24
2020,9,20,9.29
2020,9,21,0.51
2020,9,22,0.6
2020,9,23,6.33
2020,9,24,1.89
2020,9,25,6.48
2020,9,26,4.39
2020,9,27,1.95
2020,9,28,5.45
2020,9,29,5.22
2020,9,30,1.57
2020,10,1,3.73
2020,10,2,6.6
2020,10,3,11.01
2020,10,4,1.42
2020,10,5,8.49
2020,10,6,21.19
2020,10,7,0.75
2020,10,8,1.23
2020,10,9,2.75
2020,10,10,8.95
2020,10,11,1.73
2020,10,12,0.64
2020,10,13,2.7
2020,10,14,5.32
2020,10,15,5.21
2020,10,16,1.54
2020,10,17,21.08
2020,10,18,0.19
2020,10,19,1.84
2020,10,20,1.56
2020,10,21,1.59
2020,10,22,0.38
2020,10,23,0.35
2020,10,24,4.04
2020,10,25,2.55
2020,10,26,0.14
2020,10,27,0.02
2020,10,28,0.02
2020,10,29,0.0
2020,10,30,0.0
2020,10,31,0.05
2020,11,1,0.06
2020,11,2,0.19
2020,11,3,5.22
2020,11,4,4.7
2020,11,5,0.4
2020,11,6,0.0
2020,11,7,0.49
2020,11,8,0.27
2020,11,9,0.05
2020,11,10,0.09
2020,11,11,0.04
2020,11,12,0.0
2020,11,13,0.0
2020,11,14,0.01
2020,11,15,0.07
2020,11,16,0.0
2020,11,17,0.0
2020,11,18,0.0
2020,11,19,0.0
2020,11,20,0.01
2020,11,21,0.0
2020,11,22,0.14
2020,11,23,0.12
2020,11,24,0.0
2020,11,25,0.03
2020,11,26,0.0
2020,11,27,0.05
2020,11,28,0.12
2020,11,29,0.0
2020,11,30,0.0
2020,12,1,0.0
2020,12,2,0.0
2020,12,3,0.0
2020,12,4,0.0
2020,12,5,0.0
2020,12,6,0.0
2020,12,7,0.0
2020,12,8,0.0
2020,12,9,0.0
2020,12,10,0.0
2020,12,11,0.0
2020,12,12,0.01
2020,12,13,0.01
2020,12,14,0.05
2020,12,15,0.04
2020,12,16,0.0
2020,12,17,0.0
2020,12,18,0.0
2020,12,19,0.0
2020,12,20,0.0
2020,12,21,0.0
2020,12,22,0.0
2020,12,23,0.0
2020,12,24,0.0
2020,12,25,0.0
2020,12,26,0.0
2020,12,27,0.0
2020,12,28,0.0
2020,12,29,0.0
2020,12,30,0.0
2020,12,31,0.0
2021,1,1,0.0
2021,1,2,0.0
2021,1,3,0.0
2021,1,4,0.0
2021,1,5,0.0
2021,1,6,0.32
2021,1,7,0.17
2021,1,8,0.2
2021,1,9,0.12
2021,1,10,0.0
2021,1,11,0.0
2021,1,12,0.0
2021,1,13,0.0
2021,1,14,0.0
2021,1,15,0.0
2021,1,16,0.0
2021,1,17,0.0
2021,1,18,0.0
2021,1,19,0.0
2021,1,20,0.0
2021,1,21,0.0
2021,1,22,0.0
2021,1,23,0.0
2021,1,24,0.0
2021,1,25,0.0
2021,1,26,0.0
2021,1,27,0.0
2021,1,28,0.0
2021,1,29,0.0
2021,1,30,0.0
2021,1,31,0.0
2021,2,1,0.3
2021,2,2,0.61
2021,2,3,1.31
2021,2,4,0.0
2021,2,5,0.0
2021,2,6,0.0
2021,2,7,0.0
2021,2,8,0.0
2021,2,9,0.0
2021,2,10,0.05
2021,2,11,0.0
2021,2,12,0.0
2021,2,13,0.0
2021,2,14,1.03
2021,2,15,0.37
2021,2,16,0.0
2021,2,17,0.0
2021,2,18,0.0
2021,2,19,0.0
2021,2,20,0.0
2021,2,21,0.0
2021,2,22,0.0
2021,2,23,0.0
2021,2,24,0.0
2021,2,25,0.0
2021,2,26,0.06
2021,2,27,0.03
2021,2,28,0.0
2021,3,1,0.01
2021,3,2,0.0
2021,3,3,0.0
2021,3,4,0.0
2021,3,5,0.0
2021,3,6,0.0
2021,3,7,0.31
2021,3,8,1.76
2021,3,9,2.0
2021,3,10,9.88
2021,3,11,12.94
2021,3,12,0.3
2021,3,13,0.39
2021,3,14,0.48
2021,3,15,0.04
2021,3,16,0.01
2021,3,17,1.69
2021,3,18,0.66
2021,3,19,0.81
2021,3,20,0.75
2021,3,21,0.0
2021,3,22,0.99
2021,3,23,2.21
2021,3,24,4.73
2021,3,25,3.27
2021,3,26,1.23
2021,3,27,0.0
2021,3,28,0.0
2021,3,29,0.0
2021,3,30,0.0
2021,3,31,0.0
2021,4,1,0.0
2021,4,2,0.0
2021,4,3,0.0
2021,4,4,0.0
2021,4,5,0.01
2021,4,6,1.47
2021,4,7,1.66
2021,4,8,1.85
2021,4,9,1.54
2021,4,10,1.35
2021,4,11,40.01
2021,4,12,20.39
2021,4,13,45.43
2021,4,14,13.96
2021,4,15,3.73
2021,4,16,0.78
2021,4,17,0.43
2021,4,18,0.05
2021,4,19,0.04
2021,4,20,0.11
2021,4,21,0.85
2021,4,22,3.42
2021,4,23,0.62
2021,4,24,1.08
2021,4,25,0.44
2021,4,26,0.11
2021,4,27,0.51
2021,4,28,0.21
2021,4,29,0.43
2021,4,30,0.67
2021,5,1,1.04
2021,5,2,0.33
2021,5,3,0.87
2021,5,4,0.78
2021,5,5,0.62
2021,5,6,1.43
2021,5,7,2.14
2021,5,8,0.59
2021,5,9,1.27
2021,5,10,0.29
2021,5,11,1.54
2021,5,12,4.07
2021,5,13,3.39
2021,5,14,2.1
2021,5,15,7.95
2021,5,16,3.9
2021,5,17,5.12
2021,5,18,3.28
2021,5,19,0.78
2021,5,20,3.05
2021,5,21,5.27
2021,5,22,2.16
2021,5,23,1.1
2021,5,24,1.75
2021,5,25,2.59
2021,5,26,1.81
2021,5,27,1.31
2021,5,28,0.95
2021,5,29,1.48
2021,5,30,1.01
2021,5,31,45.87
2021,6,1,10.16
2021,6,2,8.49
2021,6,3,5.02
2021,6,4,11.58
2021,6,5,3.02
2021,6,6,2.17
2021,6,7,0.17
2021,6,8,0.81
2021,6,9,4.18
2021,6,10,4.83
2021,6,11,8.25
2021,6,12,3.57
2021,6,13,25.43
2021,6,14,0.23
2021,6,15,3.41
2021,6,16,3.35
2021,6,17,4.17
2021,6,18,4.61
2021,6,19,3.97
2021,6,20,31.07
2021,6,21,4.47
2021,6,22,6.0
2021,6,23,26.3
2021,6,24,6.86
2021,6,25,3.2
2021,6,26,8.87
2021,6,27,11.17
2021,6,28,12.9
2021,6,29,6.51
2021,6,30,7.85
2021,7,1,5.75
2021,7,2,16.09
2021,7,3,8.25
2021,7,4,16.16
2021,7,5,4.97
2021,7,6,1.17
2021,7,7,0.91
2021,7,8,4.02
2021,7,9,2.82
2021,7,10,1.05
2021,7,11,0.75
2021,7,12,1.8
2021,7,13,1.01
2021,7,14,0.62
2021,7,15,4.7
2021,7,16,25.39
2021,7,17,2.77
2021,7,18,1.09
2021,7,19,2.92
2021,7,20,2.53
2021,7,21,6.08
2021,7,22,15.58
2021,7,23,2.07
2021,7,24,1.97
2021,7,25,0.48
2021,7,26,0.56
2021,7,27,0.01
2021,7,28,0.02
2021,7,29,0.18
2021,7,30,2.33
2021,7,31,0.48
2021,8,1,3.62
2021,8,2,3.1
2021,8,3,2.9
2021,8,4,4.17
2021,8,5,2.39
2021,8,6,7.16
2021,8,7,20.78
2021,8,8,9.28
2021,8,9,0.61
2021,8,10,5.35
2021,8,11,8.21
2021,8,12,6.05
2021,8,13,2.02
2021,8,14,0.52
2021,8,15,2.1
2021,8,16,1.96
2021,8,17,4.81
2021,8,18,0.85
2021,8,19,6.51
2021,8,20,4.45
2021,8,21,2.62
2021,8,22,2.0
2021,8,23,0.62
2021,8,24,9.19
2021,8,25,13.27
2021,8,26,6.64
2021,8,27,1.56
2021,8,28,3.0
2021,8,29,4.77
2021,8,30,0.78
2021,8,31,1.92
2021,9,1,7.85
2021,9,2,35.3
2021,9,3,6.07
2021,9,4,4.29
2021,9,5,0.84
2021,9,6,2.08
2021,9,7,0.87
2021,9,8,1.5
2021,9,9,3.82
2021,9,10,6.04
2021,9,11,3.9
2021,9,12,5.44
2021,9,13,5.19
2021,9,14,5.16
2021,9,15,22.0
2021,9,16,6.22
2021,9,17,5.48
2021,9,18,1.12
2021,9,19,0.84
2021,9,20,0.81
2021,9,21,9.76
2021,9,22,1.78
2021,9,23,1.43
2021,9,24,5.97
2021,9,25,8.42
2021,9,26,3.01
2021,9,27,2.29
2021,9,28,1.25
2021,9,29,23.78
2021,9,30,3.76
2021,10,1,3.42
2021,10,2,1.47
2021,10,3,1.03
2021,10,4,5.32
2021,10,5,3.4
2021,10,6,6.11
2021,10,7,2.77
2021,10,8,1.24
2021,10,9,8.03
2021,10,10,19.62
2021,10,11,4.72
2021,10,12,1.14
2021,10,13,3.77
2021,10,14,0.9
2021,10,15,2.05
2021,10,16,4.49
2021,10,17,9.95
2021,10,18,34.36
2021,10,19,1.92
2021,10,20,1.97
2021,10,21,2.58
2021,10,22,12.17
2021,10,23,16.49
2021,10,24,0.06
2021,10,25,0.73
2021,10,26,1.44
2021,10,27,1.13
2021,10,28,18.15
2021,10,29,6.26
2021,10,30,4.58
2021,10,31,12.79
2021,11,1,20.63
2021,11,2,3.94
2021,11,3,2.75
2021,11,4,7.64
2021,11,5,6.12
2021,11,6,5.31
2021,11,7,3.74
2021,11,8,7.85
2021,11,9,0.43
2021,11,10,0.12
2021,11,11,1.46
2021,11,12,13.94
2021,11,13,26.41
2021,11,14,43.66
2021,11,15,32.92
2021,11,16,79.89
2021,11,17,1.19
2021,11,18,0.07
2021,11,19,0.1
2021,11,20,0.15
2021,11,21,0.1
2021,11,22,2.31
2021,11,23,12.08
2021,11,24,2.0
2021,11,25,12.63
2021,11,26,0.78
2021,11,27,0.11
2021,11,28,3.3
2021,11,29,0.6
2021,11,30,4.48
2021,12,1,0.0
2021,12,2,0.0
2021,12,3,0.0
2021,12,4,5.32
2021,12,5,25.55
2021,12,6,0.11
2021,12,7,4.78
2021,12,8,0.0
2021,12,9,0.0
2021,12,10,0.0
2021,12,11,0.0
2021,12,12,0.0
2021,12,13,0.0
2021,12,14,0.0
2021,12,15,0.0
2021,12,16,0.0
2021,12,17,0.0
2021,12,18,0.0
2021,12,19,0.0
2021,12,20,0.0
2021,12,21,0.0
2021,12,22,0.01
2021,12,23,0.61
2021,12,24,0.0
2021,12,25,0.46
2021,12,26,0.01
2021,12,27,11.86
2021,12,28,26.22
2021,12,29,0.0
2021,12,30,0.22
2021,12,31,0.0
2022,1,1,0.0
2022,1,2,0.1
2022,1,3,0.18
2022,1,4,4.0
2022,1,5,0.0
2022,1,6,0.0
2022,1,7,0.19
2022,1,8,1.14
2022,1,9,22.76
2022,1,10,0.1
2022,1,11,0.0
2022,1,12,0.0
2022,1,13,3.66
2022,1,14,5.15
2022,1,15,0.08
2022,1,16,4.81
2022,1,17,0.95
2022,1,18,0.0
2022,1,19,0.0
2022,1,20,0.0
2022,1,21,0.0
2022,1,22,0.0
2022,1,23,0.0
2022,1,24,0.0
2022,1,25,0.0
2022,1,26,0.53
2022,1,27,0.77
2022,1,28,0.0
2022,1,29,0.0
2022,1,30,0.0
2022,1,31,0.0
2022,2,1,0.0
2022,2,2,0.0
2022,2,3,0.0
2022,2,4,0.0
2022,2,5,0.0
2022,2,6,0.0
2022,2,7,0.0
2022,2,8,0.0
2022,2,9,0.0
2022,2,10,0.0
2022,2,11,0.0
2022,2,12,1.62
2022,2,13,58.67
2022,2,14,0.0
2022,2,15,0.0
2022,2,16,0.0
2022,2,17,0.0
2022,2,18,0.0
2022,2,19,0.0
2022,2,20,0.0
2022,2,21,0.0
2022,2,22,0.0
2022,2,23,0.0
2022,2,24,0.0
2022,2,25,0.0
2022,2,26,0.0
2022,2,27,7.41
2022,2,28,4.49
2022,3,1,8.73
2022,3,2,1.43
2022,3,3,3.69
2022,3,4,0.47
2022,3,5,0.22
2022,3,6,1.2
2022,3,7,0.6
2022,3,8,4.64
2022,3,9,12.82
2022,3,10,7.78
2022,3,11,4.02
2022,3,12,0.1
2022,3,13,0.04
2022,3,14,0.0
2022,3,15,0.01
2022,3,16,0.03
2022,3,17,0.0
2022,3,18,0.0
2022,3,19,0.0
2022,3,20,0.0
2022,3,21,0.0
2022,3,22,6.2
2022,3,23,3.89
2022,3,24,11.05
2022,3,25,1.11
2022,3,26,0.01
2022,3,27,0.09
2022,3,28,0.0
2022,3,29,0.56
2022,3,30,0.06
2022,3,31,0.66
2022,4,1,13.76
2022,4,2,1.96
2022,4,3,6.78
2022,4,4,3.47
2022,4,5,8.64
2022,4,6,0.94
2022,4,7,0.47
2022,4,8,1.31
2022,4,9,2.89
2022,4,10,0.56
2022,4,11,1.85
2022,4,12,3.87
2022,4,13,0.47
2022,4,14,1.87
2022,4,15,1.8
2022,4,16,3.25
2022,4,17,3.03
2022,4,18,9.7
2022,4,19,3.33
2022,4,20,0.25
2022,4,21,29.1
2022,4,22,0.63
2022,4,23,18.25
2022,4,24,12.28
2022,4,25,4.48
2022,4,26,10.71
2022,4,27,41.42
2022,4,28,76.26
2022,4,29,26.38
2022,4,30,6.06
2022,5,1,2.57
2022,5,2,1.9
2022,5,3,2.37
2022,5,4,18.49
2022,5,5,10.94
2022,5,6,5.15
2022,5,7,0.91
2022,5,8,7.83
2022,5,9,29.88
2022,5,10,11.6
2022,5,11,1.88
2022,5,12,1.24
2022,5,13,4.81
2022,5,14,6.75
2022,5,15,3.52
2022,5,16,5.73
2022,5,17,5.99
2022,5,18,6.12
2022,5,19,10.45
2022,5,20,4.44
2022,5,21,55.59
2022,5,22,20.83
2022,5,23,22.08
2022,5,24,7.03
2022,5,25,64.1
2022,5,26,11.11
2022,5,27,4.85
2022,5,28,2.49
2022,5,29,2.12
2022,5,30,13.9
2022,5,31,4.98
2022,6,1,1.84
2022,6,2,3.32
2022,6,3,2.01
2022,6,4,3.7
2022,6,5,13.67
2022,6,6,7.45
2022,6,7,6.79
2022,6,8,17.39
2022,6,9,18.0
2022,6,10,5.33
2022,6,11,106.04
2022,6,12,6.2
2022,6,13,1.9
2022,6,14,2.0
2022,6,15,1.77
2022,6,16,4.14
2022,6,17,2.59
2022,6,18,2.94
2022,6,19,0.35
2022,6,20,9.19
2022,6,21,34.86
2022,6,22,15.47
2022,6,23,2.89
2022,6,24,12.14
2022,6,25,1.69
2022,6,26,2.19
2022,6,27,3.1
2022,6,28,0.46
2022,6,29,1.36
2022,6,30,2.23
2022,7,1,4.93
2022,7,2,5.13
2022,7,3,0.67
2022,7,4,4.09
2022,7,5,2.58
2022,7,6,2.96
2022,7,7,0.71
2022,7,8,2.52
2022,7,9,4.71
2022,7,10,2.62
2022,7,11,0.94
2022,7,12,1.07
2022,7,13,2.21
2022,7,14,1.1
2022,7,15,0.98
2022,7,16,1.16
2022,7,17,1.68
2022,7,18,0.74
2022,7,19,0.93
2022,7,20,2.13
2022,7,21,1.94
2022,7,22,1.87
2022,7,23,1.82
2022,7,24,2.74
2022,7,25,4.21
2022,7,26,4.89
2022,7,27,21.46
2022,7,28,12.63
2022,7,29,13.79
2022,7,30,1.43
2022,7,31,2.3
2022,8,1,7.76
2022,8,2,7.09
2022,8,3,5.34
2022,8,4,0.16
2022,8,5,0.56
2022,8,6,0.48
2022,8,7,1.32
2022,8,8,1.6
2022,8,9,2.32
2022,8,10,1.92
2022,8,11,8.89
2022,8,12,12.93
2022,8,13,6.22
2022,8,14,3.18
2022,8,15,2.81
2022,8,16,1.22
2022,8,17,0.17
2022,8,18,10.96
2022,8,19,6.6
2022,8,20,1.26
2022,8,21,0.46
2022,8,22,7.89
2022,8,23,10.68
2022,8,24,5.88
2022,8,25,6.21
2022,8,26,89.64
2022,8,27,5.21
2022,8,28,2.41
2022,8,29,0.39
2022,8,30,2.12
2022,8,31,3.49
2022,9,1,12.02
2022,9,2,5.41
2022,9,3,3.09
2022,9,4,9.41
2022,9,5,11.58
2022,9,6,11.83
2022,9,7,8.58
2022,9,8,3.97
2022,9,9,4.71
2022,9,10,10.7
2022,9,11,3.55
2022,9,12,2.87
2022,9,13,4.52
2022,9,14,0.43
2022,9,15,11.1
2022,9,16,1.34
2022,9,17,2.08
2022,9,18,2.29
2022,9,19,6.04
2022,9,20,1.72
2022,9,21,0.68
2022,9,22,1.82
2022,9,23,16.52
2022,9,24,1.93
2022,9,25,10.91
2022,9,26,5.38
2022,9,27,2.27
2022,9,28,12.79
2022,9,29,27.45
2022,9,30,0.39
2022,10,1,2.49
2022,10,2,1.13
2022,10,3,1.34
2022,10,4,3.2
2022,10,5,2.85
2022,10,6,13.96
2022,10,7,1.85
2022,10,8,13.07
2022,10,9,31.53
2022,10,10,8.77
2022,10,11,3.72
2022,10,12,14.25
2022,10,13,57.7
2022,10,14,2.25
2022,10,15,1.6
2022,10,16,1.09
2022,10,17,0.11
2022,10,18,0.05
2022,10,19,2.26
2022,10,20,1.11
2022,10,21,0.42
2022,10,22,0.23
2022,10,23,0.85
2022,10,24,0.18
2022,10,25,0.45
2022,10,26,0.28
2022,10,27,0.01
2022,10,28,0.05
2022,10,29,0.04
2022,10,30,0.0
2022,10,31,0.0
2022,11,1,0.0
2022,11,2,0.03
2022,11,3,1.78
2022,11,4,0.21
2022,11,5,0.0
2022,11,6,0.0
2022,11,7,0.0
2022,11,8,0.0
2022,11,9,0.04
2022,11,10,0.24
2022,11,11,0.15
2022,11,12,0.03
2022,11,13,0.0
2022,11,14,0.0
2022,11,15,0.0
2022,11,16,0.0
2022,11,17,0.0
2022,11,18,0.0
2022,11,19,0.0
2022,11,20,0.01
2022,11,21,0.0
2022,11,22,0.0
2022,11,23,0.0
2022,11,24,0.0
2022,11,25,0.0
2022,11,26,0.0
2022,11,27,0.0
2022,11,28,0.0
2022,11,29,0.0
2022,11,30,0.01
2022,12,1,0.01
2022,12,2,0.0
2022,12,3,0.0
2022,12,4,0.0
2022,12,5,0.0
2022,12,6,0.0
2022,12,7,0.0
2022,12,8,0.0
2022,12,9,0.0
2022,12,10,0.0
2022,12,11,0.0
2022,12,12,0.0
2022,12,13,0.0
2022,12,14,0.0
2022,12,15,0.0
2022,12,16,0.0
2022,12,17,0.0
2022,12,18,0.0
2022,12,19,0.0
2022,12,20,0.0
2022,12,21,0.0
2022,12,22,0.0
2022,12,23,0.0
2022,12,24,0.0
2022,12,25,0.0
2022,12,26,0.0
2022,12,27,0.0
2022,12,28,0.0
2022,12,29,0.0
2022,12,30,0.0
2022,12,31,0.0
2023,1,1,0.0
2023,1,2,0.0
2023,1,3,0.0
2023,1,4,0.0
2023,1,5,0.0
2023,1,6,0.0
2023,1,7,0.0
2023,1,8,0.0
2023,1,9,0.0
2023,1,10,0.0
2023,1,11,0.0
2023,1,12,0.0
2023,1,13,0.0
2023,1,14,0.0
2023,1,15,0.0
2023,1,16,0.0
2023,1,17,0.0
2023,1,18,0.0
2023,1,19,0.0
2023,1,20,0.0
2023,1,21,0.0
2023,1,22,0.0
2023,1,23,0.0
2023,1,24,0.0
2023,1,25,0.0
2023,1,26,0.01
2023,1,27,0.02
2023,1,28,0.05
2023,1,29,0.13
2023,1,30,0.0
2023,1,31,0.36
2023,2,1,0.12
2023,2,2,0.44
2023,2,3,0.11
2023,2,4,0.39
2023,2,5,7.4
2023,2,6,0.85
2023,2,7,32.74
2023,2,8,4.98
2023,2,9,0.91
2023,2,10,8.7
2023,2,11,0.0
2023,2,12,0.0
2023,2,13,0.0
2023,2,14,0.0
2023,2,15,0.0
2023,2,16,0.0
2023,2,17,0.0
2023,2,18,0.0
2023,2,19,0.0
2023,2,20,0.0
2023,2,21,0.0
2023,2,22,0.0
2023,2,23,0.0
2023,2,24,0.02
2023,2,25,4.66
2023,2,26,1.38
2023,2,27,1.37
2023,2,28,0.18
2023,3,1,0.85
2023,3,2,1.3
2023,3,3,0.96
2023,3,4,6.6
2023,3,5,6.59
2023,3,6,2.54
2023,3,7,0.37
2023,3,8,0.87
2023,3,9,0.76
2023,3,10,2.03
2023,3,11,0.72
2023,3,12,0.03
2023,3,13,0.01
2023,3,14,0.01
2023,3,15,0.35
2023,3,16,0.47
2023,3,17,0.04
2023,3,18,1.54
2023,3,19,0.26
2023,3,20,0.06
2023,3,21,1.91
2023,3,22,0.28
2023,3,23,0.69
2023,3,24,2.91
2023,3,25,2.35
2023,3,26,2.48
2023,3,27,0.17
2023,3,28,0.04
2023,3,29,0.04
2023,3,30,0.78
2023,3,31,0.06
2023,4,1,0.1
2023,4,2,0.04
2023,4,3,0.33
2023,4,4,0.22
2023,4,5,0.06
2023,4,6,1.42
2023,4,7,1.35
2023,4,8,1.7
2023,4,9,1.38
2023,4,10,0.51
2023,4,11,5.2
2023,4,12,0.72
2023,4,13,0.21
2023,4,14,0.8
2023,4,15,5.26
2023,4,16,1.92
2023,4,17,1.08
2023,4,18,0.1
2023,4,19,0.85
2023,4,20,1.08
2023,4,21,1.4
2023,4,22,1.24
2023,4,23,2.52
2023,4,24,0.95
2023,4,25,0.6
2023,4,26,2.16
2023,4,27,2.53
2023,4,28,0.17
2023,4,29,0.4
2023,4,30,2.84
2023,5,1,0.59
2023,5,2,0.72
2023,5,3,1.18
2023,5,4,1.66
2023,5,5,1.13
2023,5,6,0.89
2023,5,7,0.91
2023,5,8,2.17
2023,5,9,1.08
2023,5,10,0.39
2023,5,11,2.47
2023,5,12,6.23
2023,5,13,0.35
2023,5,14,4.16
2023,5,15,6.02
2023,5,16,4.93
2023,5,17,4.84
2023,5,18,1.14
2023,5,19,4.98
2023,5,20,15.49
2023,5,21,1.44
2023,5,22,0.69
2023,5,23,1.01
2023,5,24,0.65
2023,5,25,1.66
2023,5,26,2.36
2023,5,27,2.81
2023,5,28,0.66
2023,5,29,0.41
2023,5,30,0.79
2023,5,31,1.44
2023,6,1,2.62
2023,6,2,2.95
2023,6,3,1.97
2023,6,4,0.93
2023,6,5,3.22
2023,6,6,21.9
2023,6,7,4.95
2023,6,8,2.0
2023,6,9,1.74
2023,6,10,4.56
2023,6,11,21.42
2023,6,12,7.84
2023,6,13,0.8
2023,6,14,5.31
2023,6,15,1.91
2023,6,16,0.73
2023,6,17,0.69
2023,6,18,0.51
2023,6,19,1.46
2023,6,20,1.57
2023,6,21,1.39
2023,6,22,2.37
2023,6,23,2.05
2023,6,24,3.4
2023,6,25,2.55
2023,6,26,2.22
2023,6,27,4.33
2023,6,28,5.9
2023,6,29,0.21
2023,6,30,1.21
2023,7,1,1.52
2023,7,2,2.55
2023,7,3,2.55
2023,7,4,4.67
2023,7,5,2.71
2023,7,6,0.54
2023,7,7,3.49
2023,7,8,23.88
2023,7,9,6.36
2023,7,10,0.74
2023,7,11,3.95
2023,7,12,7.29
2023,7,13,15.4
2023,7,14,2.02
2023,7,15,1.08
2023,7,16,2.51
2023,7,17,1.73
2023,7,18,2.17
2023,7,19,2.59
2023,7,20,1.0
2023,7,21,1.36
2023,7,22,9.98
2023,7,23,8.95
2023,7,24,0.66
2023,7,25,0.86
2023,7,26,0.6
2023,7,27,1.37
2023,7,28,5.97
2023,7,29,12.53
2023,7,30,0.76
2023,7,31,1.45
2023,8,1,1.22
2023,8,2,1.09
2023,8,3,0.71
2023,8,4,0.23
2023,8,5,0.48
2023,8,6,1.9
2023,8,7,0.37
2023,8,8,0.26
2023,8,9,1.24
2023,8,10,2.82
2023,8,11,3.09
2023,8,12,2.08
2023,8,13,5.95
2023,8,14,5.04
2023,8,15,0.16
2023,8,16,1.54
2023,8,17,1.98
2023,8,18,10.94
2023,8,19,5.33
2023,8,20,23.7
2023,8,21,12.31
2023,8,22,1.9
2023,8,23,4.99
2023,8,24,16.99
2023,8,25,2.3
2023,8,26,0.98
2023,8,27,16.45
2023,8,28,0.86
2023,8,29,0.96
2023,8,30,0.78
2023,8,31,0.37
2023,9,1,6.28
2023,9,2,2.47
2023,9,3,3.9
2023,9,4,13.2
2023,9,5,3.84
2023,9,6,1.38
2023,9,7,0.83
2023,9,8,8.32
2023,9,9,9.32
2023,9,10,0.63
2023,9,11,3.2
2023,9,12,11.81
2023,9,13,11.87
2023,9,14,1.55
2023,9,15,1.05
2023,9,16,3.83
2023,9,17,2.59
2023,9,18,3.34
2023,9,19,3.07
2023,9,20,0.21
2023,9,21,0.97
2023,9,22,1.85
2023,9,23,8.01
2023,9,24,1.65
2023,9,25,0.74
2023,9,26,0.87
2023,9,27,1.78
2023,9,28,4.58
2023,9,29,5.05
2023,9,30,0.74
2023,10,1,2.02
2023,10,2,35.42
2023,10,3,0.57
2023,10,4,0.43
2023,10,5,0.45
2023,10,6,0.96
2023,10,7,1.14
2023,10,8,3.71
2023,10,9,3.83
2023,10,10,2.48
2023,10,11,3.9
2023,10,12,2.43
2023,10,13,14.6
2023,10,14,29.2
2023,10,15,35.21
2023,10,16,34.11
2023,10,17,26.91
2023,10,18,0.27
2023,10,19,0.06
2023,10,20,0.04
2023,10,21,0.03
2023,10,22,0.03
2023,10,23,0.48
2023,10,24,0.17
2023,10,25,0.13
2023,10,26,0.08
2023,10,27,0.15
2023,10,28,0.17
2023,10,29,0.1
2023,10,30,0.26
2023,10,31,0.49
2023,11,1,0.16
2023,11,2,0.56
2023,11,3,2.85
2023,11,4,14.28
2023,11,5,12.19
2023,11,6,6.98
2023,11,7,0.04
2023,11,8,0.02
2023,11,9,0.03
2023,11,10,0.05
2023,11,11,0.03
2023,11,12,0.02
2023,11,13,0.03
2023,11,14,0.14
2023,11,15,0.47
2023,11,16,0.01
2023,11,17,0.06
2023,11,18,0.0
2023,11,19,0.0
2023,11,20,0.0
2023,11,21,0.0
2023,11,22,0.01
2023,11,23,0.17
2023,11,24,0.25
2023,11,25,1.11
2023,11,26,2.78
2023,11,27,0.06
2023,11,28,0.02
2023,11,29,0.05
2023,11,30,0.01
2023,12,1,0.01
2023,12,2,0.0
2023,12,3,0.0
2023,12,4,0.0
2023,12,5,0.0
2023,12,6,0.0
2023,12,7,0.0
2023,12,8,0.0
2023,12,9,0.0
2023,12,10,0.0
2023,12,11,0.0
2023,12,12,0.0
2023,12,13,0.0
2023,12,14,0.0
2023,12,15,0.0
2023,12,16,0.0
2023,12,17,0.0
2023,12,18,0.0
2023,12,19,0.0
2023,12,20,0.0
2023,12,21,0.0
2023,12,22,0.0
2023,12,23,0.0
2023,12,24,0.0
2023,12,25,0.0
2023,12,26,0.0
2023,12,27,0.0
2023,12,28,0.0
2023,12,29,0.0
2023,12,30,0.0
2023,12,31,0.0
2024,1,1,0.0
